  0.000000000000000E+000  0.000000000000000E+000  -2.04616576212874     
  0.000000000000000E+000  0.300499995549520       -2.05598259481990     
  0.000000000000000E+000  0.600999991099040       -1.74711188712041     
  0.000000000000000E+000  0.901499986648560       -1.32372990615413     
  0.000000000000000E+000   1.20199998219808      -0.984590554313544     
  0.000000000000000E+000   1.50249997774760      -0.742943246070171     
  0.000000000000000E+000   1.80299997329712      -0.575851775360445     
  0.000000000000000E+000   2.10349996884664      -0.462708290072226     
  0.000000000000000E+000   2.40399996439616      -0.386443295072442     
  0.000000000000000E+000   2.70449995994568      -0.335218260731490     
  0.000000000000000E+000   3.00499995549520      -0.298617399623868     
  0.000000000000000E+000   3.30549995104472      -0.261801145425409     
  0.000000000000000E+000   3.60599994659424      -0.228121668303878     
  0.000000000000000E+000   3.90649994214376      -0.199961347983463     
  0.000000000000000E+000   4.20699993769328      -0.177505179241355     
  0.000000000000000E+000   4.50749993324280      -0.161535578847785     
  0.000000000000000E+000   4.80799992879232      -0.147651938090686     
  0.000000000000000E+000   5.10849992434184      -0.134358119339242     
  0.000000000000000E+000   5.40899991989136      -0.121064077693070     
  0.000000000000000E+000   5.70949991544088      -0.106690178790608     
  0.000000000000000E+000   6.00999991099040      -9.114271356478386E-002
  0.000000000000000E+000   6.31049990653992      -7.511545700480612E-002
  0.000000000000000E+000   6.61099990208944      -6.074089213133518E-002
  0.000000000000000E+000   6.91149989763896      -5.349922518606701E-002
  0.000000000000000E+000   7.21199989318848      -5.344115481412644E-002
  0.300499995549520       0.000000000000000E+000  -2.05597138218104     
  0.300499995549520       0.300499995549520       -1.84869788516728     
  0.300499995549520       0.600999991099040       -1.56071671003652     
  0.300499995549520       0.901499986648560       -1.22619803321470     
  0.300499995549520        1.20199998219808      -0.936513416725303     
  0.300499995549520        1.50249997774760      -0.718493377077918     
  0.300499995549520        1.80299997329712      -0.562995841582092     
  0.300499995549520        2.10349996884664      -0.455637598096142     
  0.300499995549520        2.40399996439616      -0.381970694202298     
  0.300499995549520        2.70449995994568      -0.331325451532121     
  0.300499995549520        3.00499995549520      -0.294594537405185     
  0.300499995549520        3.30549995104472      -0.258995663414002     
  0.300499995549520        3.60599994659424      -0.223006401499898     
  0.300499995549520        3.90649994214376      -0.195735038196425     
  0.300499995549520        4.20699993769328      -0.175611369445108     
  0.300499995549520        4.50749993324280      -0.160375200662717     
  0.300499995549520        4.80799992879232      -0.146764558014968     
  0.300499995549520        5.10849992434184      -0.133792210953957     
  0.300499995549520        5.40899991989136      -0.120847568087504     
  0.300499995549520        5.70949991544088      -0.107009709303872     
  0.300499995549520        6.00999991099040      -9.253210491109264E-002
  0.300499995549520        6.31049990653992      -7.871189842003420E-002
  0.300499995549520        6.61099990208944      -6.841341583178699E-002
  0.300499995549520        6.91149989763896      -6.257015068630425E-002
  0.300499995549520        7.21199989318848      -5.053594494558468E-002
  0.600999991099040       0.000000000000000E+000  -1.74709825594878     
  0.600999991099040       0.300499995549520       -1.56070940496323     
  0.600999991099040       0.600999991099040       -1.28125487094136     
  0.600999991099040       0.901499986648560       -1.03814764259194     
  0.600999991099040        1.20199998219808      -0.828098015131551     
  0.600999991099040        1.50249997774760      -0.658357961287714     
  0.600999991099040        1.80299997329712      -0.529461774218514     
  0.600999991099040        2.10349996884664      -0.436067510374095     
  0.600999991099040        2.40399996439616      -0.369226157014916     
  0.600999991099040        2.70449995994568      -0.320644938030288     
  0.600999991099040        3.00499995549520      -0.284180736712233     
  0.600999991099040        3.30549995104472      -0.250962425236844     
  0.600999991099040        3.60599994659424      -0.218487416824978     
  0.600999991099040        3.90649994214376      -0.191965509710013     
  0.600999991099040        4.20699993769328      -0.172788249338359     
  0.600999991099040        4.50749993324280      -0.157999916324926     
  0.600999991099040        4.80799992879232      -0.144699333119673     
  0.600999991099040        5.10849992434184      -0.132315740457570     
  0.600999991099040        5.40899991989136      -0.120036724341387     
  0.600999991099040        5.70949991544088      -0.107352711789058     
  0.600999991099040        6.00999991099040      -9.481371741925208E-002
  0.600999991099040        6.31049990653992      -8.367870272976208E-002
  0.600999991099040        6.61099990208944      -7.477697877144324E-002
  0.600999991099040        6.91149989763896      -6.448190028066576E-002
  0.600999991099040        7.21199989318848      -5.200019733628930E-002
  0.901499986648560       0.000000000000000E+000  -1.32372370426127     
  0.901499986648560       0.300499995549520       -1.22619407988278     
  0.901499986648560       0.600999991099040       -1.03814695226882     
  0.901499986648560       0.901499986648560      -0.861448557589319     
  0.901499986648560        1.20199998219808      -0.710866321332829     
  0.901499986648560        1.50249997774760      -0.585353148967547     
  0.901499986648560        1.80299997329712      -0.485002357900763     
  0.901499986648560        2.10349996884664      -0.408331964966282     
  0.901499986648560        2.40399996439616      -0.350179681550692     
  0.901499986648560        2.70449995994568      -0.305827160428108     
  0.901499986648560        3.00499995549520      -0.271136228214638     
  0.901499986648560        3.30549995104472      -0.240860455615928     
  0.901499986648560        3.60599994659424      -0.212799620065484     
  0.901499986648560        3.90649994214376      -0.188829174990183     
  0.901499986648560        4.20699993769328      -0.170158368754737     
  0.901499986648560        4.50749993324280      -0.155287091548844     
  0.901499986648560        4.80799992879232      -0.142156204088451     
  0.901499986648560        5.10849992434184      -0.130083141472354     
  0.901499986648560        5.40899991989136      -0.118482859110400     
  0.901499986648560        5.70949991544088      -0.106856763922630     
  0.901499986648560        6.00999991099040      -9.570402664210356E-002
  0.901499986648560        6.31049990653992      -8.561783811723421E-002
  0.901499986648560        6.61099990208944      -7.624749920705638E-002
  0.901499986648560        6.91149989763896      -6.604819914664820E-002
  0.901499986648560        7.21199989318848      -5.700683120191039E-002
   1.20199998219808       0.000000000000000E+000 -0.984591403534737     
   1.20199998219808       0.300499995549520      -0.936514749554340     
   1.20199998219808       0.600999991099040      -0.828099888906313     
   1.20199998219808       0.901499986648560      -0.710867715301436     
   1.20199998219808        1.20199998219808      -0.604959900705660     
   1.20199998219808        1.50249997774760      -0.513670579793695     
   1.20199998219808        1.80299997329712      -0.437661635041596     
   1.20199998219808        2.10349996884664      -0.376451403158776     
   1.20199998219808        2.40399996439616      -0.327636621332980     
   1.20199998219808        2.70449995994568      -0.288836203114630     
   1.20199998219808        3.00499995549520      -0.257260528356996     
   1.20199998219808        3.30549995104472      -0.230127596884790     
   1.20199998219808        3.60599994659424      -0.205776614537134     
   1.20199998219808        3.90649994214376      -0.184548473007124     
   1.20199998219808        4.20699993769328      -0.166915017646109     
   1.20199998219808        4.50749993324280      -0.152108962232081     
   1.20199998219808        4.80799992879232      -0.139146486795155     
   1.20199998219808        5.10849992434184      -0.127327886289860     
   1.20199998219808        5.40899991989136      -0.116176693622437     
   1.20199998219808        5.70949991544088      -0.105319546963342     
   1.20199998219808        6.00999991099040      -9.500567469265066E-002
   1.20199998219808        6.31049990653992      -8.550368552996793E-002
   1.20199998219808        6.61099990208944      -7.656336622290341E-002
   1.20199998219808        6.91149989763896      -6.792763467728938E-002
   1.20199998219808        7.21199989318848      -6.074346585575192E-002
   1.50249997774760       0.000000000000000E+000 -0.742948879982397     
   1.50249997774760       0.300499995549520      -0.718498796864415     
   1.50249997774760       0.600999991099040      -0.658362614266903     
   1.50249997774760       0.901499986648560      -0.585356419531819     
   1.50249997774760        1.20199998219808      -0.513672139276560     
   1.50249997774760        1.50249997774760      -0.448564443477117     
   1.50249997774760        1.80299997329712      -0.391876240287867     
   1.50249997774760        2.10349996884664      -0.343826162791101     
   1.50249997774760        2.40399996439616      -0.303974841812744     
   1.50249997774760        2.70449995994568      -0.271057956186244     
   1.50249997774760        3.00499995549520      -0.243345114185846     
   1.50249997774760        3.30549995104472      -0.219230094924156     
   1.50249997774760        3.60599994659424      -0.197774116000564     
   1.50249997774760        3.90649994214376      -0.178809683116166     
   1.50249997774760        4.20699993769328      -0.162363718721429     
   1.50249997774760        4.50749993324280      -0.148137249167465     
   1.50249997774760        4.80799992879232      -0.135568121439745     
   1.50249997774760        5.10849992434184      -0.124087928418370     
   1.50249997774760        5.40899991989136      -0.113297004599678     
   1.50249997774760        5.70949991544088      -0.103016543115084     
   1.50249997774760        6.00999991099040      -9.332498837777380E-002
   1.50249997774760        6.31049990653992      -8.442417010030540E-002
   1.50249997774760        6.61099990208944      -7.626536975654931E-002
   1.50249997774760        6.91149989763896      -6.883675322309714E-002
   1.50249997774760        7.21199989318848      -6.253480510138676E-002
   1.80299997329712       0.000000000000000E+000 -0.575860146831253     
   1.80299997329712       0.300499995549520      -0.563003727610727     
   1.80299997329712       0.600999991099040      -0.529468301215118     
   1.80299997329712       0.901499986648560      -0.485007001730343     
   1.80299997329712        1.20199998219808      -0.437664304926318     
   1.80299997329712        1.50249997774760      -0.391877291209891     
   1.80299997329712        1.80299997329712      -0.349806384921667     
   1.80299997329712        2.10349996884664      -0.312707920093754     
   1.80299997329712        2.40399996439616      -0.280759527677558     
   1.80299997329712        2.70449995994568      -0.253333647700763     
   1.80299997329712        3.00499995549520      -0.229444765264161     
   1.80299997329712        3.30549995104472      -0.208200648829984     
   1.80299997329712        3.60599994659424      -0.189091874867379     
   1.80299997329712        3.90649994214376      -0.171980388923025     
   1.80299997329712        4.20699993769328      -0.156827279238015     
   1.80299997329712        4.50749993324280      -0.143436613810637     
   1.80299997329712        4.80799992879232      -0.131428867273242     
   1.80299997329712        5.10849992434184      -0.120389632972181     
   1.80299997329712        5.40899991989136      -0.110032092181695     
   1.80299997329712        5.70949991544088      -0.100261918038206     
   1.80299997329712        6.00999991099040      -9.113132196352372E-002
   1.80299997329712        6.31049990653992      -8.278594770668557E-002
   1.80299997329712        6.61099990208944      -7.526915165574599E-002
   1.80299997329712        6.91149989763896      -6.855841375705056E-002
   1.80299997329712        7.21199989318848      -6.273501740070138E-002
   2.10349996884664       0.000000000000000E+000 -0.462717864565246     
   2.10349996884664       0.300499995549520      -0.455646540714864     
   2.10349996884664       0.600999991099040      -0.436074828208248     
   2.10349996884664       0.901499986648560      -0.408337147568093     
   2.10349996884664        1.20199998219808      -0.376454587211382     
   2.10349996884664        1.50249997774760      -0.343827808109798     
   2.10349996884664        1.80299997329712      -0.312708546484807     
   2.10349996884664        2.10349996884664      -0.284269267211176     
   2.10349996884664        2.40399996439616      -0.258817472694144     
   2.10349996884664        2.70449995994568      -0.236092707163229     
   2.10349996884664        3.00499995549520      -0.215611051952755     
   2.10349996884664        3.30549995104472      -0.196959326588478     
   2.10349996884664        3.60599994659424      -0.179935613784104     
   2.10349996884664        3.90649994214376      -0.164502388918057     
   2.10349996884664        4.20699993769328      -0.150627280658975     
   2.10349996884664        4.50749993324280      -0.138154984060008     
   2.10349996884664        4.80799992879232      -0.126809810388267     
   2.10349996884664        5.10849992434184      -0.116306526211510     
   2.10349996884664        5.40899991989136      -0.106466189600149     
   2.10349996884664        5.70949991544088      -9.724998898992150E-002
   2.10349996884664        6.00999991099040      -8.869992031777428E-002
   2.10349996884664        6.31049990653992      -8.085172248131613E-002
   2.10349996884664        6.61099990208944      -7.371127538316968E-002
   2.10349996884664        6.91149989763896      -6.733022114501473E-002
   2.10349996884664        7.21199989318848      -6.176507875234567E-002
   2.40399996439616       0.000000000000000E+000 -0.386453319046993     
   2.40399996439616       0.300499995549520      -0.381980036271373     
   2.40399996439616       0.600999991099040      -0.369233648236891     
   2.40399996439616       0.901499986648560      -0.350185036356443     
   2.40399996439616        1.20199998219808      -0.327640085957706     
   2.40399996439616        1.50249997774760      -0.303976872578812     
   2.40399996439616        1.80299997329712      -0.280760596391198     
   2.40399996439616        2.10349996884664      -0.258817928644680     
   2.40399996439616        2.40399996439616      -0.238419063352727     
   2.40399996439616        2.70449995994568      -0.219506941540250     
   2.40399996439616        3.00499995549520      -0.201925188203085     
   2.40399996439616        3.30549995104472      -0.185574953251394     
   2.40399996439616        3.60599994659424      -0.170453034229837     
   2.40399996439616        3.90649994214376      -0.156590723684181     
   2.40399996439616        4.20699993769328      -0.143962781779651     
   2.40399996439616        4.50749993324280      -0.132441198758938     
   2.40399996439616        4.80799992879232      -0.121830331199330     
   2.40399996439616        5.10849992434184      -0.111953543083407     
   2.40399996439616        5.40899991989136      -0.102721071567560     
   2.40399996439616        5.70949991544088      -9.412689262783622E-002
   2.40399996439616        6.00999991099040      -8.617705801336444E-002
   2.40399996439616        6.31049990653992      -7.880665911050055E-002
   2.40399996439616        6.61099990208944      -7.188824985781735E-002
   2.40399996439616        6.91149989763896      -6.545796375706280E-002
   2.40399996439616        7.21199989318848      -5.995922189118133E-002
   2.70449995994568       0.000000000000000E+000 -0.335228704506740     
   2.70449995994568       0.300499995549520      -0.331335157704927     
   2.70449995994568       0.600999991099040      -0.320652623834988     
   2.70449995994568       0.901499986648560      -0.305832632601990     
   2.70449995994568        1.20199998219808      -0.288839904774157     
   2.70449995994568        1.50249997774760      -0.271060390279950     
   2.70449995994568        1.80299997329712      -0.253335208708693     
   2.70449995994568        2.10349996884664      -0.236093665146960     
   2.70449995994568        2.40399996439616      -0.219507420328855     
   2.70449995994568        2.70449995994568      -0.203626246613011     
   2.70449995994568        3.00499995549520      -0.188492467751576     
   2.70449995994568        3.30549995104472      -0.174189678528043     
   2.70449995994568        3.60599994659424      -0.160817968220583     
   2.70449995994568        3.90649994214376      -0.148434052898286     
   2.70449995994568        4.20699993769328      -0.137011523598816     
   2.70449995994568        4.50749993324280      -0.126449315112774     
   2.70449995994568        4.80799992879232      -0.116624335576503     
   2.70449995994568        5.10849992434184      -0.107452477218059     
   2.70449995994568        5.40899991989136      -9.891466627864812E-002
   2.70449995994568        5.70949991544088      -9.102606790777082E-002
   2.70449995994568        6.00999991099040      -8.375180557434697E-002
   2.70449995994568        6.31049990653992      -7.687817545837961E-002
   2.70449995994568        6.61099990208944      -7.008020832101439E-002
   2.70449995994568        6.91149989763896      -6.350022342693226E-002
   2.70449995994568        7.21199989318848      -5.793522619622189E-002
   3.00499995549520       0.000000000000000E+000 -0.298628448958231     
   3.00499995549520       0.300499995549520      -0.294604493347865     
   3.00499995549520       0.600999991099040      -0.284188245362140     
   3.00499995549520       0.901499986648560      -0.271141647569184     
   3.00499995549520        1.20199998219808      -0.257264545308613     
   3.00499995549520        1.50249997774760      -0.243348127376602     
   3.00499995549520        1.80299997329712      -0.229447013757034     
   3.00499995549520        2.10349996884664      -0.215612682458554     
   3.00499995549520        2.40399996439616      -0.201926266703281     
   3.00499995549520        2.70449995994568      -0.188493007754621     
   3.00499995549520        3.00499995549520      -0.175460151508109     
   3.00499995549520        3.30549995104472      -0.162995047957634     
   3.00499995549520        3.60599994659424      -0.151231521816718     
   3.00499995549520        3.90649994214376      -0.140224023452311     
   3.00499995549520        4.20699993769328      -0.129944833276608     
   3.00499995549520        4.50749993324280      -0.120325152658416     
   3.00499995549520        4.80799992879232      -0.111309638781546     
   3.00499995549520        5.10849992434184      -0.102890257832143     
   3.00499995549520        5.40899991989136      -9.510308688141653E-002
   3.00499995549520        5.70949991544088      -8.799139667749890E-002
   3.00499995549520        6.00999991099040      -8.153730789036556E-002
   3.00499995549520        6.31049990653992      -7.549159062667546E-002
   3.00499995549520        6.61099990208944      -6.924655342991201E-002
   3.00499995549520        6.91149989763896      -6.246905417029082E-002
   3.00499995549520        7.21199989318848      -5.654124181405541E-002
   3.30549995104472       0.000000000000000E+000 -0.261812185804710     
   3.30549995104472       0.300499995549520      -0.259005342271803     
   3.30549995104472       0.600999991099040      -0.250969681834997     
   3.30549995104472       0.901499986648560      -0.240865953272255     
   3.30549995104472        1.20199998219808      -0.230132119056224     
   3.30549995104472        1.50249997774760      -0.219233906112852     
   3.30549995104472        1.80299997329712      -0.208203777355416     
   3.30549995104472        2.10349996884664      -0.196961782825519     
   3.30549995104472        2.40399996439616      -0.185576736014388     
   3.30549995104472        2.70449995994568      -0.174190806029899     
   3.30549995104472        3.00499995549520      -0.162995572597959     
   3.30549995104472        3.30549995104472      -0.152179990395058     
   3.30549995104472        3.60599994659424      -0.141873949740924     
   3.30549995104472        3.90649994214376      -0.132120892504106     
   3.30549995104472        4.20699993769328      -0.122899678236393     
   3.30549995104472        4.50749993324280      -0.114178796660808     
   3.30549995104472        4.80799992879232      -0.105961466838593     
   3.30549995104472        5.10849992434184      -9.829522430131003E-002
   3.30549995104472        5.40899991989136      -9.125392246607797E-002
   3.30549995104472        5.70949991544088      -8.491955706383672E-002
   3.30549995104472        6.00999991099040      -7.939700590820686E-002
   3.30549995104472        6.31049990653992      -7.450502874327490E-002
   3.30549995104472        6.61099990208944      -6.938302820355645E-002
   3.30549995104472        6.91149989763896      -6.295113790396317E-002
   3.30549995104472        7.21199989318848      -5.668689313840907E-002
   3.60599994659424       0.000000000000000E+000 -0.228130818810640     
   3.60599994659424       0.300499995549520      -0.223015601715067     
   3.60599994659424       0.600999991099040      -0.218495041028787     
   3.60599994659424       0.901499986648560      -0.212805804297611     
   3.60599994659424        1.20199998219808      -0.205781950592143     
   3.60599994659424        1.50249997774760      -0.197778828980237     
   3.60599994659424        1.80299997329712      -0.189095910913260     
   3.60599994659424        2.10349996884664      -0.179938893434882     
   3.60599994659424        2.40399996439616      -0.170455505138475     
   3.60599994659424        2.70449995994568      -0.160819652106547     
   3.60599994659424        3.00499995549520      -0.151232515129025     
   3.60599994659424        3.30549995104472      -0.141874384639126     
   3.60599994659424        3.60599994659424      -0.132858349075019     
   3.60599994659424        3.90649994214376      -0.124221063137944     
   3.60599994659424        4.20699993769328      -0.115957015535842     
   3.60599994659424        4.50749993324280      -0.108071488967019     
   3.60599994659424        4.80799992879232      -0.100610087403679     
   3.60599994659424        5.10849992434184      -9.365009839761408E-002
   3.60599994659424        5.40899991989136      -8.727758184821652E-002
   3.60599994659424        5.70949991544088      -8.159148186618015E-002
   3.60599994659424        6.00999991099040      -7.678872859902679E-002
   3.60599994659424        6.31049990653992      -7.274176113447327E-002
   3.60599994659424        6.61099990208944      -6.861161372465360E-002
   3.60599994659424        6.91149989763896      -6.311886073355323E-002
   3.60599994659424        7.21199989318848      -5.791111241552338E-002
   3.90649994214376       0.000000000000000E+000 -0.199973145841583     
   3.90649994214376       0.300499995549520      -0.195745993526742     
   3.90649994214376       0.600999991099040      -0.191974411494827     
   3.90649994214376       0.901499986648560      -0.188836388749295     
   3.90649994214376        1.20199998219808      -0.184554630759438     
   3.90649994214376        1.50249997774760      -0.178815097786696     
   3.90649994214376        1.80299997329712      -0.171985081659107     
   3.90649994214376        2.10349996884664      -0.164506254526508     
   3.90649994214376        2.40399996439616      -0.156593687158555     
   3.90649994214376        2.70449995994568      -0.148436142564156     
   3.90649994214376        3.00499995549520      -0.140225366716033     
   3.90649994214376        3.30549995104472      -0.132121658595326     
   3.90649994214376        3.60599994659424      -0.124221399081355     
   3.90649994214376        3.90649994214376      -0.116560703700886     
   3.90649994214376        4.20699993769328      -0.109153269136301     
   3.90649994214376        4.50749993324280      -0.102032849690875     
   3.90649994214376        4.80799992879232      -9.526654877955744E-002
   3.90649994214376        5.10849992434184      -8.893509898332622E-002
   3.90649994214376        5.40899991989136      -8.310872261283377E-002
   3.90649994214376        5.70949991544088      -7.785389002155380E-002
   3.90649994214376        6.00999991099040      -7.329858050411041E-002
   3.90649994214376        6.31049990653992      -6.929227171820675E-002
   3.90649994214376        6.61099990208944      -6.492623206624486E-002
   3.90649994214376        6.91149989763896      -5.900317992690345E-002
   3.90649994214376        7.21199989318848      -5.280827640391354E-002
   4.20699993769328       0.000000000000000E+000 -0.177516555536025     
   4.20699993769328       0.300499995549520      -0.175622253311023     
   4.20699993769328       0.600999991099040      -0.172797366957028     
   4.20699993769328       0.901499986648560      -0.170165853689802     
   4.20699993769328        1.20199998219808      -0.166921339735164     
   4.20699993769328        1.50249997774760      -0.162369272438838     
   4.20699993769328        1.80299997329712      -0.156832109158854     
   4.20699993769328        2.10349996884664      -0.150631278537518     
   4.20699993769328        2.40399996439616      -0.143965871320346     
   4.20699993769328        2.70449995994568      -0.137013742743516     
   4.20699993769328        3.00499995549520      -0.129946327977979     
   4.20699993769328        3.30549995104472      -0.122900637080315     
   4.20699993769328        3.60599994659424      -0.115957594998850     
   4.20699993769328        3.90649994214376      -0.109153552194445     
   4.20699993769328        4.20699993769328      -0.102516094034405     
   4.20699993769328        4.50749993324280      -9.609352039638870E-002
   4.20699993769328        4.80799992879232      -8.995510207168370E-002
   4.20699993769328        5.10849992434184      -8.416695033719727E-002
   4.20699993769328        5.40899991989136      -7.876919293479825E-002
   4.20699993769328        5.70949991544088      -7.377504703837359E-002
   4.20699993769328        6.00999991099040      -6.917678234015201E-002
   4.20699993769328        6.31049990653992      -6.479753513074524E-002
   4.20699993769328        6.61099990208944      -5.993254087861309E-002
   4.20699993769328        6.91149989763896      -5.412317411805330E-002
   4.20699993769328        7.21199989318848      -4.871175738468146E-002
   4.50749993324280       0.000000000000000E+000 -0.161544071023771     
   4.50749993324280       0.300499995549520      -0.160383598063795     
   4.50749993324280       0.600999991099040      -0.158007406921198     
   4.50749993324280       0.901499986648560      -0.155293492110822     
   4.50749993324280        1.20199998219808      -0.152114539044366     
   4.50749993324280        1.50249997774760      -0.148142218589200     
   4.50749993324280        1.80299997329712      -0.143440946401062     
   4.50749993324280        2.10349996884664      -0.138158562842685     
   4.50749993324280        2.40399996439616      -0.132443955575924     
   4.50749993324280        2.70449995994568      -0.126451300650483     
   4.50749993324280        3.00499995549520      -0.120326526739867     
   4.50749993324280        3.30549995104472      -0.114179759475915     
   4.50749993324280        3.60599994659424      -0.108072199402429     
   4.50749993324280        3.90649994214376      -0.102033374399066     
   4.50749993324280        4.20699993769328      -9.609383016546991E-002
   4.50749993324280        4.50749993324280      -9.030358746794734E-002
   4.50749993324280        4.80799992879232      -8.472359174339546E-002
   4.50749993324280        5.10849992434184      -7.940126337714262E-002
   4.50749993324280        5.40899991989136      -7.435182220829456E-002
   4.50749993324280        5.70949991544088      -6.955692833949557E-002
   4.50749993324280        6.00999991099040      -6.496027286897620E-002
   4.50749993324280        6.31049990653992      -6.040408619065833E-002
   4.50749993324280        6.61099990208944      -5.557216024010115E-002
   4.50749993324280        6.91149989763896      -5.049744528042606E-002
   4.50749993324280        7.21199989318848      -4.603930529892822E-002
   4.80799992879232       0.000000000000000E+000 -0.147657100796005     
   4.80799992879232       0.300499995549520      -0.146769762209930     
   4.80799992879232       0.600999991099040      -0.144704250070030     
   4.80799992879232       0.901499986648560      -0.142160737230746     
   4.80799992879232        1.20199998219808      -0.139150665963659     
   4.80799992879232        1.50249997774760      -0.135571920683922     
   4.80799992879232        1.80299997329712      -0.131432172468923     
   4.80799992879232        2.10349996884664      -0.126812489877430     
   4.80799992879232        2.40399996439616      -0.121832327258913     
   4.80799992879232        2.70449995994568      -0.116625717829048     
   4.80799992879232        3.00499995549520      -0.111310590067086     
   4.80799992879232        3.30549995104472      -0.105962209936713     
   4.80799992879232        3.60599994659424      -0.100610792660246     
   4.80799992879232        3.90649994214376      -9.526726926522337E-002
   4.80799992879232        4.20699993769328      -8.995576212212489E-002
   4.80799992879232        4.50749993324280      -8.472402301487536E-002
   4.80799992879232        4.80799992879232      -7.962730563057309E-002
   4.80799992879232        5.10849992434184      -7.470290029251744E-002
   4.80799992879232        5.40899991989136      -6.995597126979691E-002
   4.80799992879232        5.70949991544088      -6.536430942132868E-002
   4.80799992879232        6.00999991099040      -6.088834739872268E-002
   4.80799992879232        6.31049990653992      -5.646889145673154E-002
   4.80799992879232        6.61099990208944      -5.204175068757440E-002
   4.80799992879232        6.91149989763896      -4.769579458322926E-002
   4.80799992879232        7.21199989318848      -4.391409844355110E-002
   5.10849992434184       0.000000000000000E+000 -0.134360173819732     
   5.10849992434184       0.300499995549520      -0.133794409012163     
   5.10849992434184       0.600999991099040      -0.132318098505474     
   5.10849992434184       0.901499986648560      -0.130085658975541     
   5.10849992434184        1.20199998219808      -0.127330424585740     
   5.10849992434184        1.50249997774760      -0.124090304736885     
   5.10849992434184        1.80299997329712      -0.120391655503421     
   5.10849992434184        2.10349996884664      -0.116308040974664     
   5.10849992434184        2.40399996439616      -0.111954500177762     
   5.10849992434184        2.70449995994568      -0.107452974535249     
   5.10849992434184        3.00499995549520      -0.102890524411785     
   5.10849992434184        3.30549995104472      -9.829553771821230E-002
   5.10849992434184        3.60599994659424      -9.365066897819746E-002
   5.10849992434184        3.90649994214376      -8.893597791184152E-002
   5.10849992434184        4.20699993769328      -8.416800858516120E-002
   5.10849992434184        4.50749993324280      -7.940224454923331E-002
   5.10849992434184        4.80799992879232      -7.470351137124392E-002
   5.10849992434184        5.10849992434184      -7.011376322572115E-002
   5.10849992434184        5.40899991989136      -6.564002647566043E-002
   5.10849992434184        5.70949991544088      -6.126597143437242E-002
   5.10849992434184        6.00999991099040      -5.697399391192504E-002
   5.10849992434184        6.31049990653992      -5.276611348724291E-002
   5.10849992434184        6.61099990208944      -4.869281876220265E-002
   5.10849992434184        6.91149989763896      -4.490987563773535E-002
   5.10849992434184        7.21199989318848      -4.160671916689414E-002
   5.40899991989136       0.000000000000000E+000 -0.121064120933295     
   5.40899991989136       0.300499995549520      -0.120847814617141     
   5.40899991989136       0.600999991099040      -0.120037335454297     
   5.40899991989136       0.901499986648560      -0.118483784421800     
   5.40899991989136        1.20199998219808      -0.116177776334351     
   5.40899991989136        1.50249997774760      -0.113298078212330     
   5.40899991989136        1.80299997329712      -0.110032902237357     
   5.40899991989136        2.10349996884664      -0.106466548416181     
   5.40899991989136        2.40399996439616      -0.102720928069655     
   5.40899991989136        2.70449995994568      -9.891415175604161E-002
   5.40899991989136        3.00499995549520      -9.510250605058383E-002
   5.40899991989136        3.30549995104472      -9.125366038484578E-002
   5.40899991989136        3.60599994659424      -8.727794035487396E-002
   5.40899991989136        3.90649994214376      -8.310976775943064E-002
   5.40899991989136        4.20699993769328      -7.877072034237044E-002
   5.40899991989136        4.50749993324280      -7.435345539779342E-002
   5.40899991989136        4.80799992879232      -6.995730839412478E-002
   5.40899991989136        5.10849992434184      -6.564076189298577E-002
   5.40899991989136        5.40899991989136      -6.141344706918080E-002
   5.40899991989136        5.70949991544088      -5.725632840292463E-002
   5.40899991989136        6.00999991099040      -5.315082559782894E-002
   5.40899991989136        6.31049990653992      -4.912082025887600E-002
   5.40899991989136        6.61099990208944      -4.526348441621075E-002
   5.40899991989136        6.91149989763896      -4.172694223469861E-002
   5.40899991989136        7.21199989318848      -3.868959151626550E-002
   5.70949991544088       0.000000000000000E+000 -0.106689370021425     
   5.70949991544088       0.300499995549520      -0.107009160729024     
   5.70949991544088       0.600999991099040      -0.107352619095905     
   5.70949991544088       0.901499986648560      -0.106857035473740     
   5.70949991544088        1.20199998219808      -0.105319914584776     
   5.70949991544088        1.50249997774760      -0.103016750797013     
   5.70949991544088        1.80299997329712      -0.100261837888800     
   5.70949991544088        2.10349996884664      -9.724943796950863E-002
   5.70949991544088        2.40399996439616      -9.412579621680150E-002
   5.70949991544088        2.70449995994568      -9.102457109932637E-002
   5.70949991544088        3.00499995549520      -8.798989672845685E-002
   5.70949991544088        3.30549995104472      -8.491863125671753E-002
   5.70949991544088        3.60599994659424      -8.159163179069179E-002
   5.70949991544088        3.90649994214376      -7.785521436566858E-002
   5.70949991544088        4.20699993769328      -7.377718381684331E-002
   5.70949991544088        4.50749993324280      -6.955930574113094E-002
   5.70949991544088        4.80799992879232      -6.536639934646085E-002
   5.70949991544088        5.10849992434184      -6.126741623019690E-002
   5.70949991544088        5.40899991989136      -5.725699490234099E-002
   5.70949991544088        5.70949991544088      -5.329046456234703E-002
   5.70949991544088        6.00999991099040      -4.932273928023276E-002
   5.70949991544088        6.31049990653992      -4.537591240223104E-002
   5.70949991544088        6.61099990208944      -4.151154266314794E-002
   5.70949991544088        6.91149989763896      -3.792585115781905E-002
   5.70949991544088        7.21199989318848      -3.497604058481892E-002
   6.00999991099040       0.000000000000000E+000 -9.114236317943265E-002
   6.00999991099040       0.300499995549520      -9.253194904761926E-002
   6.00999991099040       0.600999991099040      -9.481386068567121E-002
   6.00999991099040       0.901499986648560      -9.570435413944256E-002
   6.00999991099040        1.20199998219808      -9.500593998733764E-002
   6.00999991099040        1.50249997774760      -9.332493277625964E-002
   6.00999991099040        1.80299997329712      -9.113079180749913E-002
   6.00999991099040        2.10349996884664      -8.869884899491934E-002
   6.00999991099040        2.40399996439616      -8.617530678892731E-002
   6.00999991099040        2.70449995994568      -8.374944095080962E-002
   6.00999991099040        3.00499995549520      -8.153476237879517E-002
   6.00999991099040        3.30549995104472      -7.939521628580970E-002
   6.00999991099040        3.60599994659424      -7.678874706550022E-002
   6.00999991099040        3.90649994214376      -7.330056511147127E-002
   6.00999991099040        4.20699993769328      -6.917987519961756E-002
   6.00999991099040        4.50749993324280      -6.496351610363371E-002
   6.00999991099040        4.80799992879232      -6.089112238966782E-002
   6.00999991099040        5.10849992434184      -5.697596882048801E-002
   6.00999991099040        5.40899991989136      -5.315190201396452E-002
   6.00999991099040        5.70949991544088      -4.932309008517584E-002
   6.00999991099040        6.00999991099040      -4.542646112573283E-002
   6.00999991099040        6.31049990653992      -4.142616762274900E-002
   6.00999991099040        6.61099990208944      -3.728297236992611E-002
   6.00999991099040        6.91149989763896      -3.321049593369071E-002
   6.00999991099040        7.21199989318848      -3.006992668324106E-002
   6.31049990653992       0.000000000000000E+000 -7.511704261745261E-002
   6.31049990653992       0.300499995549520      -7.871329606011775E-002
   6.31049990653992       0.600999991099040      -8.367967034139707E-002
   6.31049990653992       0.901499986648560      -8.561848524956522E-002
   6.31049990653992        1.20199998219808      -8.550406129551132E-002
   6.31049990653992        1.50249997774760      -8.442416650204296E-002
   6.31049990653992        1.80299997329712      -8.278542753230685E-002
   6.31049990653992        2.10349996884664      -8.085058413318044E-002
   6.31049990653992        2.40399996439616      -7.880466430619916E-002
   6.31049990653992        2.70449995994568      -7.687506737068656E-002
   6.31049990653992        3.00499995549520      -7.548771157164758E-002
   6.31049990653992        3.30549995104472      -7.450201091694181E-002
   6.31049990653992        3.60599994659424      -7.274164591858810E-002
   6.31049990653992        3.90649994214376      -6.929541459532555E-002
   6.31049990653992        4.20699993769328      -6.480220433408693E-002
   6.31049990653992        4.50749993324280      -6.040840196359073E-002
   6.31049990653992        4.80799992879232      -5.647217463160235E-002
   6.31049990653992        5.10849992434184      -5.276830761917676E-002
   6.31049990653992        5.40899991989136      -4.912195402514452E-002
   6.31049990653992        5.70949991544088      -4.537625149179703E-002
   6.31049990653992        6.00999991099040      -4.142614052233744E-002
   6.31049990653992        6.31049990653992      -3.722219386945848E-002
   6.31049990653992        6.61099990208944      -3.258825836068767E-002
   6.31049990653992        6.91149989763896      -2.743853105223507E-002
   6.31049990653992        7.21199989318848      -2.351768473509208E-002
   6.61099990208944       0.000000000000000E+000 -6.074523129482010E-002
   6.61099990208944       0.300499995549520      -6.841654882564396E-002
   6.61099990208944       0.600999991099040      -7.477823820042467E-002
   6.61099990208944       0.901499986648560      -7.624800181401106E-002
   6.61099990208944        1.20199998219808      -7.656367183580644E-002
   6.61099990208944        1.50249997774760      -7.626549099298448E-002
   6.61099990208944        1.80299997329712      -7.526895615163753E-002
   6.61099990208944        2.10349996884664      -7.371057160788091E-002
   6.61099990208944        2.40399996439616      -7.188661774383966E-002
   6.61099990208944        2.70449995994568      -7.007701181312956E-002
   6.61099990208944        3.00499995549520      -6.924189448872217E-002
   6.61099990208944        3.30549995104472      -6.937870933123334E-002
   6.61099990208944        3.60599994659424      -6.861134309828468E-002
   6.61099990208944        3.90649994214376      -6.493075938460671E-002
   6.61099990208944        4.20699993769328      -5.993860703207311E-002
   6.61099990208944        4.50749993324280      -5.557728552244483E-002
   6.61099990208944        4.80799992879232      -5.204515753229750E-002
   6.61099990208944        5.10849992434184      -4.869482679609048E-002
   6.61099990208944        5.40899991989136      -4.526434997775358E-002
   6.61099990208944        5.70949991544088      -4.151161659624125E-002
   6.61099990208944        6.00999991099040      -3.728272783527101E-002
   6.61099990208944        6.31049990653992      -3.258813677215260E-002
   6.61099990208944        6.61099990208944      -2.748236813044657E-002
   6.61099990208944        6.91149989763896      -2.129086826715604E-002
   6.61099990208944        7.21199989318848      -1.575650142317042E-002
   6.91149989763896       0.000000000000000E+000 -5.350294520013230E-002
   6.91149989763896       0.300499995549520      -6.257203595038885E-002
   6.91149989763896       0.600999991099040      -6.448137893883339E-002
   6.91149989763896       0.901499986648560      -6.604770721365839E-002
   6.91149989763896        1.20199998219808      -6.792761679952133E-002
   6.91149989763896        1.50249997774760      -6.883703326766964E-002
   6.91149989763896        1.80299997329712      -6.855878975226221E-002
   6.91149989763896        2.10349996884664      -6.733046794781926E-002
   6.91149989763896        2.40399996439616      -6.545761936644894E-002
   6.91149989763896        2.70449995994568      -6.349873127216459E-002
   6.91149989763896        3.00499995549520      -6.246585453953410E-002
   6.91149989763896        3.30549995104472      -6.294708303503248E-002
   6.91149989763896        3.60599994659424      -6.311870234487651E-002
   6.91149989763896        3.90649994214376      -5.900821962503018E-002
   6.91149989763896        4.20699993769328      -5.412898266798811E-002
   6.91149989763896        4.50749993324280      -5.050189930403639E-002
   6.91149989763896        4.80799992879232      -4.769855372063993E-002
   6.91149989763896        5.10849992434184      -4.491126006508146E-002
   6.91149989763896        5.40899991989136      -4.172731946902222E-002
   6.91149989763896        5.70949991544088      -3.792559278505851E-002
   6.91149989763896        6.00999991099040      -3.321009625705611E-002
   6.91149989763896        6.31049990653992      -2.743856057110583E-002
   6.91149989763896        6.61099990208944      -2.129151024351238E-002
   6.91149989763896        6.91149989763896      -1.639336379620978E-002
   6.91149989763896        7.21199989318848      -1.132214163796853E-002
   7.21199989318848       0.000000000000000E+000 -5.344147011117056E-002
   7.21199989318848       0.300499995549520      -5.053427097682866E-002
   7.21199989318848       0.600999991099040      -5.199799652910578E-002
   7.21199989318848       0.901499986648560      -5.700567770616376E-002
   7.21199989318848        1.20199998219808      -6.074333267311736E-002
   7.21199989318848        1.50249997774760      -6.253541022220406E-002
   7.21199989318848        1.80299997329712      -6.273616615117439E-002
   7.21199989318848        2.10349996884664      -6.176662164648777E-002
   7.21199989318848        2.40399996439616      -5.996099031131704E-002
   7.21199989318848        2.70449995994568      -5.793716985562279E-002
   7.21199989318848        3.00499995549520      -5.654286799777739E-002
   7.21199989318848        3.30549995104472      -5.668769309388647E-002
   7.21199989318848        3.60599994659424      -5.791101368517724E-002
   7.21199989318848        3.90649994214376      -5.280957073700026E-002
   7.21199989318848        4.20699993769328      -4.871397652169819E-002
   7.21199989318848        4.50749993324280      -4.604124168915759E-002
   7.21199989318848        4.80799992879232      -4.391528956736782E-002
   7.21199989318848        5.10849992434184      -4.160716549758588E-002
   7.21199989318848        5.40899991989136      -3.868942117810997E-002
   7.21199989318848        5.70949991544088      -3.497552859694388E-002
   7.21199989318848        6.00999991099040      -3.006951153927920E-002
   7.21199989318848        6.31049990653992      -2.351793401014616E-002
   7.21199989318848        6.61099990208944      -1.575775150840486E-002
   7.21199989318848        6.91149989763896      -1.132304090178690E-002
   7.21199989318848        7.21199989318848      -1.097943916942130E-002
