  0.000000000000000E+000  0.000000000000000E+000 -0.575860146831255     
  0.000000000000000E+000  0.300499995549520      -0.553530456362625     
  0.000000000000000E+000  0.600999991099040      -0.494640381727434     
  0.000000000000000E+000  0.901499986648560      -0.416969611080261     
  0.000000000000000E+000   1.20199998219808      -0.355232565958249     
  0.000000000000000E+000   1.50249997774760      -0.309656931976583     
  0.000000000000000E+000   1.80299997329712      -0.275174150740236     
  0.000000000000000E+000   2.10349996884664      -0.248324386633076     
  0.000000000000000E+000   2.40399996439616      -0.226683493707811     
  0.000000000000000E+000   2.70449995994568      -0.209200737424118     
  0.000000000000000E+000   3.00499995549520      -0.194443160650533     
  0.000000000000000E+000   3.30549995104472      -0.180100737859798     
  0.000000000000000E+000   3.60599994659424      -0.166038906936234     
  0.000000000000000E+000   3.90649994214376      -0.152109894052398     
  0.000000000000000E+000   4.20699993769328      -0.138670841708693     
  0.000000000000000E+000   4.50749993324280      -0.125490680737511     
  0.000000000000000E+000   4.80799992879232      -0.113666269526340     
  0.000000000000000E+000   5.10849992434184      -0.103499100078131     
  0.000000000000000E+000   5.40899991989136      -9.489735899325169E-002
  0.000000000000000E+000   5.70949991544088      -8.748280158379339E-002
  0.000000000000000E+000   6.00999991099040      -8.109309714053653E-002
  0.000000000000000E+000   6.31049990653992      -7.570771018190632E-002
  0.000000000000000E+000   6.61099990208944      -7.125734532148868E-002
  0.000000000000000E+000   6.91149989763896      -6.701753968253471E-002
  0.000000000000000E+000   7.21199989318848      -6.273629647441216E-002
  0.300499995549520       0.000000000000000E+000 -0.645286779033862     
  0.300499995549520       0.300499995549520      -0.553434726779679     
  0.300499995549520       0.600999991099040      -0.492375308829322     
  0.300499995549520       0.901499986648560      -0.434173195628373     
  0.300499995549520        1.20199998219808      -0.379344782529478     
  0.300499995549520        1.50249997774760      -0.333486797350174     
  0.300499995549520        1.80299997329712      -0.296144441695021     
  0.300499995549520        2.10349996884664      -0.265743938376115     
  0.300499995549520        2.40399996439616      -0.240774890102901     
  0.300499995549520        2.70449995994568      -0.220475796773392     
  0.300499995549520        3.00499995549520      -0.202925284980601     
  0.300499995549520        3.30549995104472      -0.186041986712824     
  0.300499995549520        3.60599994659424      -0.169649896927226     
  0.300499995549520        3.90649994214376      -0.155114456853094     
  0.300499995549520        4.20699993769328      -0.141480403634570     
  0.300499995549520        4.50749993324280      -0.128400521919277     
  0.300499995549520        4.80799992879232      -0.116527258129989     
  0.300499995549520        5.10849992434184      -0.106168385463571     
  0.300499995549520        5.40899991989136      -9.726103754479139E-002
  0.300499995549520        5.70949991544088      -8.949990053253645E-002
  0.300499995549520        6.00999991099040      -8.276087834892873E-002
  0.300499995549520        6.31049990653992      -7.709602526074887E-002
  0.300499995549520        6.61099990208944      -7.254076736870896E-002
  0.300499995549520        6.91149989763896      -6.807498226250421E-002
  0.300499995549520        7.21199989318848      -6.127423426171015E-002
  0.600999991099040       0.000000000000000E+000 -0.661488614063981     
  0.600999991099040       0.300499995549520      -0.592968798544521     
  0.600999991099040       0.600999991099040      -0.508690534301816     
  0.600999991099040       0.901499986648560      -0.449871941088207     
  0.600999991099040        1.20199998219808      -0.399075342945445     
  0.600999991099040        1.50249997774760      -0.353556605322770     
  0.600999991099040        1.80299997329712      -0.313971191362857     
  0.600999991099040        2.10349996884664      -0.280414670007014     
  0.600999991099040        2.40399996439616      -0.252449185815042     
  0.600999991099040        2.70449995994568      -0.229492275323614     
  0.600999991099040        3.00499995549520      -0.209341498238494     
  0.600999991099040        3.30549995104472      -0.190374150984110     
  0.600999991099040        3.60599994659424      -0.172528404239343     
  0.600999991099040        3.90649994214376      -0.156829614869495     
  0.600999991099040        4.20699993769328      -0.142877869697284     
  0.600999991099040        4.50749993324280      -0.130075561506530     
  0.600999991099040        4.80799992879232      -0.118476725601583     
  0.600999991099040        5.10849992434184      -0.108204816892345     
  0.600999991099040        5.40899991989136      -9.916622847353208E-002
  0.600999991099040        5.70949991544088      -9.118939047807602E-002
  0.600999991099040        6.00999991099040      -8.421183734704217E-002
  0.600999991099040        6.31049990653992      -7.824672178064909E-002
  0.600999991099040        6.61099990208944      -7.300239550045577E-002
  0.600999991099040        6.91149989763896      -6.702188945301631E-002
  0.600999991099040        7.21199989318848      -6.016867142110746E-002
  0.901499986648560       0.000000000000000E+000 -0.654409864223506     
  0.901499986648560       0.300499995549520      -0.614864147455269     
  0.901499986648560       0.600999991099040      -0.541277025440843     
  0.901499986648560       0.901499986648560      -0.475620423821475     
  0.901499986648560        1.20199998219808      -0.420059274606151     
  0.901499986648560        1.50249997774760      -0.371147577864654     
  0.901499986648560        1.80299997329712      -0.328242417082130     
  0.901499986648560        2.10349996884664      -0.291572090076703     
  0.901499986648560        2.40399996439616      -0.261284113697831     
  0.901499986648560        2.70449995994568      -0.235993939892309     
  0.901499986648560        3.00499995549520      -0.213961111102014     
  0.901499986648560        3.30549995104472      -0.193729748778389     
  0.901499986648560        3.60599994659424      -0.175112307287138     
  0.901499986648560        3.90649994214376      -0.158573570129503     
  0.901499986648560        4.20699993769328      -0.144098360292372     
  0.901499986648560        4.50749993324280      -0.131286605369047     
  0.901499986648560        4.80799992879232      -0.119876757188107     
  0.901499986648560        5.10849992434184      -0.109691805272762     
  0.901499986648560        5.40899991989136      -0.100567313688966     
  0.901499986648560        5.70949991544088      -9.240906363112648E-002
  0.901499986648560        6.00999991099040      -8.515410961104446E-002
  0.901499986648560        6.31049990653992      -7.871660009875604E-002
  0.901499986648560        6.61099990208944      -7.272009269343091E-002
  0.901499986648560        6.91149989763896      -6.651251122549462E-002
  0.901499986648560        7.21199989318848      -6.061593951340063E-002
   1.20199998219808       0.000000000000000E+000 -0.642759830716868     
   1.20199998219808       0.300499995549520      -0.618101581380084     
   1.20199998219808       0.600999991099040      -0.560954757704398     
   1.20199998219808       0.901499986648560      -0.497355439494234     
   1.20199998219808        1.20199998219808      -0.437972120395419     
   1.20199998219808        1.50249997774760      -0.384715974951454     
   1.20199998219808        1.80299997329712      -0.338091852438409     
   1.20199998219808        2.10349996884664      -0.299058417816685     
   1.20199998219808        2.40399996439616      -0.267048866881941     
   1.20199998219808        2.70449995994568      -0.240051206842249     
   1.20199998219808        3.00499995549520      -0.216627809019824     
   1.20199998219808        3.30549995104472      -0.195729424579143     
   1.20199998219808        3.60599994659424      -0.176820468086563     
   1.20199998219808        3.90649994214376      -0.159965894318092     
   1.20199998219808        4.20699993769328      -0.145198121079593     
   1.20199998219808        4.50749993324280      -0.132277406457640     
   1.20199998219808        4.80799992879232      -0.120877958671721     
   1.20199998219808        5.10849992434184      -0.110693972758783     
   1.20199998219808        5.40899991989136      -0.101493566215407     
   1.20199998219808        5.70949991544088      -9.315451969098236E-002
   1.20199998219808        6.00999991099040      -8.561720979083245E-002
   1.20199998219808        6.31049990653992      -7.879348544706914E-002
   1.20199998219808        6.61099990208944      -7.246638750588695E-002
   1.20199998219808        6.91149989763896      -6.644594421867617E-002
   1.20199998219808        7.21199989318848      -6.101780946025119E-002
   1.50249997774760       0.000000000000000E+000 -0.628817628855918     
   1.50249997774760       0.300499995549520      -0.611018547084595     
   1.50249997774760       0.600999991099040      -0.565431305950838     
   1.50249997774760       0.901499986648560      -0.507214980325179     
   1.50249997774760        1.20199998219808      -0.447373853093615     
   1.50249997774760        1.50249997774760      -0.391390474717286     
   1.50249997774760        1.80299997329712      -0.342596515076527     
   1.50249997774760        2.10349996884664      -0.302596413108005     
   1.50249997774760        2.40399996439616      -0.269458774096388     
   1.50249997774760        2.70449995994568      -0.241516414551175     
   1.50249997774760        3.00499995549520      -0.217464410034819     
   1.50249997774760        3.30549995104472      -0.196305501896792     
   1.50249997774760        3.60599994659424      -0.177442680979224     
   1.50249997774760        3.90649994214376      -0.160654090554120     
   1.50249997774760        4.20699993769328      -0.145857190186733     
   1.50249997774760        4.50749993324280      -0.132889325279452     
   1.50249997774760        4.80799992879232      -0.121467496709409     
   1.50249997774760        5.10849992434184      -0.111261981660855     
   1.50249997774760        5.40899991989136      -0.101999537763424     
   1.50249997774760        5.70949991544088      -9.351763324266550E-002
   1.50249997774760        6.00999991099040      -8.575695867301790E-002
   1.50249997774760        6.31049990653992      -7.868908098139110E-002
   1.50249997774760        6.61099990208944      -7.223489788868508E-002
   1.50249997774760        6.91149989763896      -6.633770010994104E-002
   1.50249997774760        7.21199989318848      -6.108108933540164E-002
   1.80299997329712       0.000000000000000E+000 -0.611539343436812     
   1.80299997329712       0.300499995549520      -0.597146513213290     
   1.80299997329712       0.600999991099040      -0.557546098761856     
   1.80299997329712       0.901499986648560      -0.503765471686512     
   1.80299997329712        1.20199998219808      -0.445133180573177     
   1.80299997329712        1.50249997774760      -0.389495629339203     
   1.80299997329712        1.80299997329712      -0.341929525469886     
   1.80299997329712        2.10349996884664      -0.301856473884942     
   1.80299997329712        2.40399996439616      -0.268272472325383     
   1.80299997329712        2.70449995994568      -0.240102694307102     
   1.80299997329712        3.00499995549520      -0.216161943992896     
   1.80299997329712        3.30549995104472      -0.195353018440545     
   1.80299997329712        3.60599994659424      -0.176905275957451     
   1.80299997329712        3.90649994214376      -0.160441370928967     
   1.80299997329712        4.20699993769328      -0.145827186220982     
   1.80299997329712        4.50749993324280      -0.132947315456751     
   1.80299997329712        4.80799992879232      -0.121576075840669     
   1.80299997329712        5.10849992434184      -0.111400135045915     
   1.80299997329712        5.40899991989136      -0.102129985767573     
   1.80299997329712        5.70949991544088      -9.358626783361224E-002
   1.80299997329712        6.00999991099040      -8.569509463420444E-002
   1.80299997329712        6.31049990653992      -7.847374974360719E-002
   1.80299997329712        6.61099990208944      -7.193577689350124E-002
   1.80299997329712        6.91149989763896      -6.606161475949486E-002
   1.80299997329712        7.21199989318848      -6.086671538568431E-002
   2.10349996884664       0.000000000000000E+000 -0.591786674993966     
   2.10349996884664       0.300499995549520      -0.577105670073987     
   2.10349996884664       0.600999991099040      -0.539136512930023     
   2.10349996884664       0.901499986648560      -0.486798099152009     
   2.10349996884664        1.20199998219808      -0.432475646124538     
   2.10349996884664        1.50249997774760      -0.381532106159924     
   2.10349996884664        1.80299997329712      -0.336000934256957     
   2.10349996884664        2.10349996884664      -0.296634020812005     
   2.10349996884664        2.40399996439616      -0.263459508681478     
   2.10349996884664        2.70449995994568      -0.235845957103326     
   2.10349996884664        3.00499995549520      -0.212674388779653     
   2.10349996884664        3.30549995104472      -0.192722046379393     
   2.10349996884664        3.60599994659424      -0.175052394112791     
   2.10349996884664        3.90649994214376      -0.159180545043427     
   2.10349996884664        4.20699993769328      -0.144959872627872     
   2.10349996884664        4.50749993324280      -0.132330900118615     
   2.10349996884664        4.80799992879232      -0.121132624420601     
   2.10349996884664        5.10849992434184      -0.111083850032982     
   2.10349996884664        5.40899991989136      -0.101895211302452     
   2.10349996884664        5.70949991544088      -9.338330322845710E-002
   2.10349996884664        6.00999991099040      -8.548994831957596E-002
   2.10349996884664        6.31049990653992      -7.821745393712567E-002
   2.10349996884664        6.61099990208944      -7.157927956825108E-002
   2.10349996884664        6.91149989763896      -6.565095736542827E-002
   2.10349996884664        7.21199989318848      -6.045338028943625E-002
   2.40399996439616       0.000000000000000E+000 -0.577580906643747     
   2.40399996439616       0.300499995549520      -0.560779925747513     
   2.40399996439616       0.600999991099040      -0.518279258086503     
   2.40399996439616       0.901499986648560      -0.467186120346078     
   2.40399996439616        1.20199998219808      -0.416100301256060     
   2.40399996439616        1.50249997774760      -0.368127875362461     
   2.40399996439616        1.80299997329712      -0.324793519911017     
   2.40399996439616        2.10349996884664      -0.287081511841247     
   2.40399996439616        2.40399996439616      -0.255341221080052     
   2.40399996439616        2.70449995994568      -0.229115294297789     
   2.40399996439616        3.00499995549520      -0.207296168262119     
   2.40399996439616        3.30549995104472      -0.188580460893623     
   2.40399996439616        3.60599994659424      -0.171943194070903     
   2.40399996439616        3.90649994214376      -0.156860568831741     
   2.40399996439616        4.20699993769328      -0.143209045451953     
   2.40399996439616        4.50749993324280      -0.130989789525898     
   2.40399996439616        4.80799992879232      -0.120100829822352     
   2.40399996439616        5.10849992434184      -0.110294172582386     
   2.40399996439616        5.40899991989136      -0.101289836654808     
   2.40399996439616        5.70949991544088      -9.290725062968241E-002
   2.40399996439616        6.00999991099040      -8.509513206992608E-002
   2.40399996439616        6.31049990653992      -7.785313968706147E-002
   2.40399996439616        6.61099990208944      -7.115742924647049E-002
   2.40399996439616        6.91149989763896      -6.505315389993918E-002
   2.40399996439616        7.21199989318848      -5.982269168593094E-002
   2.70449995994568       0.000000000000000E+000 -0.570186734864462     
   2.70449995994568       0.300499995549520      -0.551741217390879     
   2.70449995994568       0.600999991099040      -0.505116977006579     
   2.70449995994568       0.901499986648560      -0.447954317755903     
   2.70449995994568        1.20199998219808      -0.395363382602610     
   2.70449995994568        1.50249997774760      -0.349417848283849     
   2.70449995994568        1.80299997329712      -0.308887846112310     
   2.70449995994568        2.10349996884664      -0.273914203987726     
   2.70449995994568        2.40399996439616      -0.244626499583618     
   2.70449995994568        2.70449995994568      -0.220521906232359     
   2.70449995994568        3.00499995549520      -0.200488490444634     
   2.70449995994568        3.30549995104472      -0.183232572409094     
   2.70449995994568        3.60599994659424      -0.167754142789498     
   2.70449995994568        3.90649994214376      -0.153572156219573     
   2.70449995994568        4.20699993769328      -0.140617875520662     
   2.70449995994568        4.50749993324280      -0.128945451395450     
   2.70449995994568        4.80799992879232      -0.118492689866391     
   2.70449995994568        5.10849992434184      -0.109036793168031     
   2.70449995994568        5.40899991989136      -0.100315305609466     
   2.70449995994568        5.70949991544088      -9.216435560872079E-002
   2.70449995994568        6.00999991099040      -8.454174716381685E-002
   2.70449995994568        6.31049990653992      -7.739823221834291E-002
   2.70449995994568        6.61099990208944      -7.062153348910927E-002
   2.70449995994568        6.91149989763896      -6.440350035533582E-002
   2.70449995994568        7.21199989318848      -5.919071601030859E-002
   3.00499995549520       0.000000000000000E+000 -0.548989881363616     
   3.00499995549520       0.300499995549520      -0.528045937789537     
   3.00499995549520       0.600999991099040      -0.478345558548765     
   3.00499995549520       0.901499986648560      -0.421515878135734     
   3.00499995549520        1.20199998219808      -0.369594993468460     
   3.00499995549520        1.50249997774760      -0.326441673803235     
   3.00499995549520        1.80299997329712      -0.289657052348487     
   3.00499995549520        2.10349996884664      -0.258359693873656     
   3.00499995549520        2.40399996439616      -0.232267024166128     
   3.00499995549520        2.70449995994568      -0.210744875338897     
   3.00499995549520        3.00499995549520      -0.192709403753259     
   3.00499995549520        3.30549995104472      -0.176978729814239     
   3.00499995549520        3.60599994659424      -0.162684037555309     
   3.00499995549520        3.90649994214376      -0.149453003322867     
   3.00499995549520        4.20699993769328      -0.137285876439133     
   3.00499995549520        4.50749993324280      -0.126269187563779     
   3.00499995549520        4.80799992879232      -0.116354054788879     
   3.00499995549520        5.10849992434184      -0.107332914934433     
   3.00499995549520        5.40899991989136      -9.897132645067308E-002
   3.00499995549520        5.70949991544088      -9.114644468474470E-002
   3.00499995549520        6.00999991099040      -8.386409871933467E-002
   3.00499995549520        6.31049990653992      -7.706798051083862E-002
   3.00499995549520        6.61099990208944      -7.051921217735428E-002
   3.00499995549520        6.91149989763896      -6.426434165272020E-002
   3.00499995549520        7.21199989318848      -5.903259560107310E-002
   3.30549995104472       0.000000000000000E+000 -0.504496419312852     
   3.30549995104472       0.300499995549520      -0.484417881415878     
   3.30549995104472       0.600999991099040      -0.438376458118464     
   3.30549995104472       0.901499986648560      -0.386567314697956     
   3.30549995104472        1.20199998219808      -0.339831927943407     
   3.30549995104472        1.50249997774760      -0.301173878263858     
   3.30549995104472        1.80299997329712      -0.268922700769996     
   3.30549995104472        2.10349996884664      -0.241790523128708     
   3.30549995104472        2.40399996439616      -0.219175577335868     
   3.30549995104472        2.70449995994568      -0.200344609393705     
   3.30549995104472        3.00499995549520      -0.184299836233478     
   3.30549995104472        3.30549995104472      -0.170046359135027     
   3.30549995104472        3.60599994659424      -0.156910043295009     
   3.30549995104472        3.90649994214376      -0.144654916881676     
   3.30549995104472        4.20699993769328      -0.133339421712035     
   3.30549995104472        4.50749993324280      -0.123053782425152     
   3.30549995104472        4.80799992879232      -0.113739466837653     
   3.30549995104472        5.10849992434184      -0.105198539069058     
   3.30549995104472        5.40899991989136      -9.723515970704671E-002
   3.30549995104472        5.70949991544088      -8.979004687443277E-002
   3.30549995104472        6.00999991099040      -8.297448049003310E-002
   3.30549995104472        6.31049990653992      -7.673242407370573E-002
   3.30549995104472        6.61099990208944      -7.073719808966526E-002
   3.30549995104472        6.91149989763896      -6.479875078064448E-002
   3.30549995104472        7.21199989318848      -5.960802161941315E-002
   3.60599994659424       0.000000000000000E+000 -0.444661130508710     
   3.60599994659424       0.300499995549520      -0.430891013600519     
   3.60599994659424       0.600999991099040      -0.393967365182383     
   3.60599994659424       0.901499986648560      -0.349721613212511     
   3.60599994659424        1.20199998219808      -0.309240922575285     
   3.60599994659424        1.50249997774760      -0.275770508656151     
   3.60599994659424        1.80299997329712      -0.248264402834402     
   3.60599994659424        2.10349996884664      -0.225259297099076     
   3.60599994659424        2.40399996439616      -0.205979329487852     
   3.60599994659424        2.70449995994568      -0.189671588440375     
   3.60599994659424        3.00499995549520      -0.175473933964164     
   3.60599994659424        3.30549995104472      -0.162607537812004     
   3.60599994659424        3.60599994659424      -0.150601451576677     
   3.60599994659424        3.90649994214376      -0.139342416010172     
   3.60599994659424        4.20699993769328      -0.128918618417654     
   3.60599994659424        4.50749993324280      -0.119397687750359     
   3.60599994659424        4.80799992879232      -0.110699913429923     
   3.60599994659424        5.10849992434184      -0.102639509515190     
   3.60599994659424        5.40899991989136      -9.506601757990252E-002
   3.60599994659424        5.70949991544088      -8.798137105328672E-002
   3.60599994659424        6.00999991099040      -8.157039434286699E-002
   3.60599994659424        6.31049990653992      -7.578788702978742E-002
   3.60599994659424        6.61099990208944      -7.034885684757404E-002
   3.60599994659424        6.91149989763896      -6.507436772164858E-002
   3.60599994659424        7.21199989318848      -6.073592447086967E-002
   3.90649994214376       0.000000000000000E+000 -0.398721365057992     
   3.90649994214376       0.300499995549520      -0.384381607559098     
   3.90649994214376       0.600999991099040      -0.351454818735868     
   3.90649994214376       0.901499986648560      -0.313861390513684     
   3.90649994214376        1.20199998219808      -0.279608295991693     
   3.90649994214376        1.50249997774760      -0.251429310476925     
   3.90649994214376        1.80299997329712      -0.228483891744218     
   3.90649994214376        2.10349996884664      -0.209256259122809     
   3.90649994214376        2.40399996439616      -0.192961863673996     
   3.90649994214376        2.70449995994568      -0.178908974195071     
   3.90649994214376        3.00499995549520      -0.166394204778911     
   3.90649994214376        3.30549995104472      -0.154842934235485     
   3.90649994214376        3.60599994659424      -0.143955212455931     
   3.90649994214376        3.90649994214376      -0.133701869199274     
   3.90649994214376        4.20699993769328      -0.124172132681131     
   3.90649994214376        4.50749993324280      -0.115399038001182     
   3.90649994214376        4.80799992879232      -0.107285682366662     
   3.90649994214376        5.10849992434184      -9.966939399434060E-002
   3.90649994214376        5.40899991989136      -9.244784869303765E-002
   3.90649994214376        5.70949991544088      -8.565939145360514E-002
   3.90649994214376        6.00999991099040      -7.946860993340309E-002
   3.90649994214376        6.31049990653992      -7.384029120384436E-002
   3.90649994214376        6.61099990208944      -6.845220577720590E-002
   3.90649994214376        6.91149989763896      -6.302470497024269E-002
   3.90649994214376        7.21199989318848      -5.804009405363011E-002
   4.20699993769328       0.000000000000000E+000 -0.341254163096671     
   4.20699993769328       0.300499995549520      -0.330805648389968     
   4.20699993769328       0.600999991099040      -0.306155263400097     
   4.20699993769328       0.901499986648560      -0.277500205086716     
   4.20699993769328        1.20199998219808      -0.250620845044784     
   4.20699993769328        1.50249997774760      -0.228298705105152     
   4.20699993769328        1.80299997329712      -0.209679790395132     
   4.20699993769328        2.10349996884664      -0.193850849091985     
   4.20699993769328        2.40399996439616      -0.180212842387177     
   4.20699993769328        2.70449995994568      -0.168196340989529     
   4.20699993769328        3.00499995549520      -0.157253593377268     
   4.20699993769328        3.30549995104472      -0.146978456428540     
   4.20699993769328        3.60599994659424      -0.137195742913547     
   4.20699993769328        3.90649994214376      -0.127923814092750     
   4.20699993769328        4.20699993769328      -0.119238517763380     
   4.20699993769328        4.50749993324280      -0.111146212729466     
   4.20699993769328        4.80799992879232      -0.103552368511527     
   4.20699993769328        5.10849992434184      -9.633248596850448E-002
   4.20699993769328        5.40899991989136      -8.943235841435306E-002
   4.20699993769328        5.70949991544088      -8.290734057175690E-002
   4.20699993769328        6.00999991099040      -7.686029765908815E-002
   4.20699993769328        6.31049990653992      -7.125559606018818E-002
   4.20699993769328        6.61099990208944      -6.583370487315811E-002
   4.20699993769328        6.91149989763896      -6.052118662974949E-002
   4.20699993769328        7.21199989318848      -5.585637392634285E-002
   4.50749993324280       0.000000000000000E+000 -0.281142173943730     
   4.50749993324280       0.300499995549520      -0.275260638033670     
   4.50749993324280       0.600999991099040      -0.260490838720566     
   4.50749993324280       0.901499986648560      -0.241757794699287     
   4.50749993324280        1.20199998219808      -0.223086444855829     
   4.50749993324280        1.50249997774760      -0.206394691431682     
   4.50749993324280        1.80299997329712      -0.191794930524030     
   4.50749993324280        2.10349996884664      -0.179064145420380     
   4.50749993324280        2.40399996439616      -0.167853833246600     
   4.50749993324280        2.70449995994568      -0.157734624490742     
   4.50749993324280        3.00499995549520      -0.148293684283221     
   4.50749993324280        3.30549995104472      -0.139253121308382     
   4.50749993324280        3.60599994659424      -0.130524154503192     
   4.50749993324280        3.90649994214376      -0.122154359075089     
   4.50749993324280        4.20699993769328      -0.114213076531410     
   4.50749993324280        4.50749993324280      -0.106704618669348     
   4.50749993324280        4.80799992879232      -9.956198616036650E-002
   4.50749993324280        5.10849992434184      -9.271012905541295E-002
   4.50749993324280        5.40899991989136      -8.613710819338317E-002
   4.50749993324280        5.70949991544088      -7.990573294968432E-002
   4.50749993324280        6.00999991099040      -7.408631148107317E-002
   4.50749993324280        6.31049990653992      -6.864042494809633E-002
   4.50749993324280        6.61099990208944      -6.341727641250383E-002
   4.50749993324280        6.91149989763896      -5.848461692692532E-002
   4.50749993324280        7.21199989318848      -5.416436725485368E-002
   4.80799992879232       0.000000000000000E+000 -0.232333247995598     
   4.80799992879232       0.300499995549520      -0.229451145828593     
   4.80799992879232       0.600999991099040      -0.221579262375505     
   4.80799992879232       0.901499986648560      -0.210372618263379     
   4.80799992879232        1.20199998219808      -0.198053622820766     
   4.80799992879232        1.50249997774760      -0.186069789798142     
   4.80799992879232        1.80299997329712      -0.175052075200814     
   4.80799992879232        2.10349996884664      -0.165132116131674     
   4.80799992879232        2.40399996439616      -0.156145021182156     
   4.80799992879232        2.70449995994568      -0.147781704957676     
   4.80799992879232        3.00499995549520      -0.139738887204310     
   4.80799992879232        3.30549995104472      -0.131835064329686     
   4.80799992879232        3.60599994659424      -0.124045473826445     
   4.80799992879232        3.90649994214376      -0.116446997784994     
   4.80799992879232        4.20699993769328      -0.109124216822749     
   4.80799992879232        4.50749993324280      -0.102107707633354     
   4.80799992879232        4.80799992879232      -9.537575639262535E-002
   4.80799992879232        5.10849992434184      -8.890197752941452E-002
   4.80799992879232        5.40899991989136      -8.270139285048220E-002
   4.80799992879232        5.70949991544088      -7.683026318986506E-002
   4.80799992879232        6.00999991099040      -7.133740243273662E-002
   4.80799992879232        6.31049990653992      -6.620914627548947E-002
   4.80799992879232        6.61099990208944      -6.137422513607776E-002
   4.80799992879232        6.91149989763896      -5.683041750206680E-002
   4.80799992879232        7.21199989318848      -5.277108059339192E-002
   5.10849992434184       0.000000000000000E+000 -0.196411893075534     
   5.10849992434184       0.300499995549520      -0.194866978643999     
   5.10849992434184       0.600999991099040      -0.190426905887362     
   5.10849992434184       0.901499986648560      -0.183978109183777     
   5.10849992434184        1.20199998219808      -0.176177280657699     
   5.10849992434184        1.50249997774760      -0.167951337056299     
   5.10849992434184        1.80299997329712      -0.159956690535801     
   5.10849992434184        2.10349996884664      -0.152452721376441     
   5.10849992434184        2.40399996439616      -0.145384433159408     
   5.10849992434184        2.70449995994568      -0.138537678801065     
   5.10849992434184        3.00499995549520      -0.131697527449052     
   5.10849992434184        3.30549995104472      -0.124756516775078     
   5.10849992434184        3.60599994659424      -0.117741522662859     
   5.10849992434184        3.90649994214376      -0.110765550294557     
   5.10849992434184        4.20699993769328      -0.103949324869957     
   5.10849992434184        4.50749993324280      -9.736809666849244E-002
   5.10849992434184        4.80799992879232      -9.104810733062339E-002
   5.10849992434184        5.10849992434184      -8.499727946560590E-002
   5.10849992434184        5.40899991989136      -7.923442483206192E-002
   5.10849992434184        5.70949991544088      -7.378972821967823E-002
   5.10849992434184        6.00999991099040      -6.868053679921836E-002
   5.10849992434184        6.31049990653992      -6.389369878476987E-002
   5.10849992434184        6.61099990208944      -5.940474707933801E-002
   5.10849992434184        6.91149989763896      -5.523659881446286E-002
   5.10849992434184        7.21199989318848      -5.143153886971423E-002
   5.40899991989136       0.000000000000000E+000 -0.171055229534619     
   5.40899991989136       0.300499995549520      -0.169958673074585     
   5.40899991989136       0.600999991099040      -0.167081631325870     
   5.40899991989136       0.901499986648560      -0.162929936548793     
   5.40899991989136        1.20199998219808      -0.158040684380872     
   5.40899991989136        1.50249997774760      -0.152646424556031     
   5.40899991989136        1.80299997329712      -0.146960791828759     
   5.40899991989136        2.10349996884664      -0.141303371342571     
   5.40899991989136        2.40399996439616      -0.135703250529083     
   5.40899991989136        2.70449995994568      -0.130024778091331     
   5.40899991989136        3.00499995549520      -0.124121319632042     
   5.40899991989136        3.30549995104472      -0.117934765430574     
   5.40899991989136        3.60599994659424      -0.111527397472986     
   5.40899991989136        3.90649994214376      -0.105049881052896     
   5.40899991989136        4.20699993769328      -9.867004967344882E-002
   5.40899991989136        4.50749993324280      -9.251094767197472E-002
   5.40899991989136        4.80799992879232      -8.663430657081078E-002
   5.40899991989136        5.10849992434184      -8.105946703162858E-002
   5.40899991989136        5.40899991989136      -7.578644078712984E-002
   5.40899991989136        5.70949991544088      -7.080450006582770E-002
   5.40899991989136        6.00999991099040      -6.609183501906149E-002
   5.40899991989136        6.31049990653992      -6.163978176375064E-002
   5.40899991989136        6.61099990208944      -5.744844593336498E-002
   5.40899991989136        6.91149989763896      -5.352505639289452E-002
   5.40899991989136        7.21199989318848      -4.992245814706356E-002
   5.70949991544088       0.000000000000000E+000 -0.155361254229888     
   5.70949991544088       0.300499995549520      -0.154185942430544     
   5.70949991544088       0.600999991099040      -0.151359466614919     
   5.70949991544088       0.901499986648560      -0.147928196897165     
   5.70949991544088        1.20199998219808      -0.144286516178151     
   5.70949991544088        1.50249997774760      -0.140365948746541     
   5.70949991544088        1.80299997329712      -0.136094641300574     
   5.70949991544088        2.10349996884664      -0.131599392062798     
   5.70949991544088        2.40399996439616      -0.126956978074163     
   5.70949991544088        2.70449995994568      -0.122088725899742     
   5.70949991544088        3.00499995549520      -0.116884859405396     
   5.70949991544088        3.30549995104472      -0.111291292125547     
   5.70949991544088        3.60599994659424      -0.105369017763294     
   5.70949991544088        3.90649994214376      -9.930521647185438E-002
   5.70949991544088        4.20699993769328      -9.332990495141309E-002
   5.70949991544088        4.50749993324280      -8.760666228650206E-002
   5.70949991544088        4.80799992879232      -8.220556354939257E-002
   5.70949991544088        5.10849992434184      -7.713264654797318E-002
   5.70949991544088        5.40899991989136      -7.235676959335981E-002
   5.70949991544088        5.70949991544088      -6.782492875932303E-002
   5.70949991544088        6.00999991099040      -6.350096786555125E-002
   5.70949991544088        6.31049990653992      -5.937442031065186E-002
   5.70949991544088        6.61099990208944      -5.540318777208501E-002
   5.70949991544088        6.91149989763896      -5.159746401980134E-002
   5.70949991544088        7.21199989318848      -4.811115158148167E-002
   6.00999991099040       0.000000000000000E+000 -0.148441442611686     
   6.00999991099040       0.300499995549520      -0.146153005768079     
   6.00999991099040       0.600999991099040      -0.141567050043828     
   6.00999991099040       0.901499986648560      -0.137426063569213     
   6.00999991099040        1.20199998219808      -0.133965030245207     
   6.00999991099040        1.50249997774760      -0.130549763678644     
   6.00999991099040        1.80299997329712      -0.126853727024381     
   6.00999991099040        2.10349996884664      -0.122906455125801     
   6.00999991099040        2.40399996439616      -0.118820129043839     
   6.00999991099040        2.70449995994568      -0.114541491823902     
   6.00999991099040        3.00499995549520      -0.109954322013831     
   6.00999991099040        3.30549995104472      -0.104914480621104     
   6.00999991099040        3.60599994659424      -9.938557145134277E-002
   6.00999991099040        3.90649994214376      -9.363428142118087E-002
   6.00999991099040        4.20699993769328      -8.803311002739955E-002
   6.00999991099040        4.50749993324280      -8.276711103003412E-002
   6.00999991099040        4.80799992879232      -7.785224264347478E-002
   6.00999991099040        5.10849992434184      -7.325795074333692E-002
   6.00999991099040        5.40899991989136      -6.892809960760030E-002
   6.00999991099040        5.70949991544088      -6.480041991078823E-002
   6.00999991099040        6.00999991099040      -6.085119207627362E-002
   6.00999991099040        6.31049990653992      -5.702854421000211E-002
   6.00999991099040        6.61099990208944      -5.319588526973731E-002
   6.00999991099040        6.91149989763896      -4.930370466917827E-002
   6.00999991099040        7.21199989318848      -4.576836126486998E-002
   6.31049990653992       0.000000000000000E+000 -0.148937440729290     
   6.31049990653992       0.300499995549520      -0.143443146425700     
   6.31049990653992       0.600999991099040      -0.134790466597528     
   6.31049990653992       0.901499986648560      -0.129269818086180     
   6.31049990653992        1.20199998219808      -0.125558632144925     
   6.31049990653992        1.50249997774760      -0.122072728578440     
   6.31049990653992        1.80299997329712      -0.118423839161935     
   6.31049990653992        2.10349996884664      -0.114698538529964     
   6.31049990653992        2.40399996439616      -0.111004027811406     
   6.31049990653992        2.70449995994568      -0.107323341201566     
   6.31049990653992        3.00499995549520      -0.103452212692528     
   6.31049990653992        3.30549995104472      -9.893848530798420E-002
   6.31049990653992        3.60599994659424      -9.366384479858425E-002
   6.31049990653992        3.90649994214376      -8.811941793203094E-002
   6.31049990653992        4.20699993769328      -8.287162229898877E-002
   6.31049990653992        4.50749993324280      -7.809404896920294E-002
   6.31049990653992        4.80799992879232      -7.366611696046398E-002
   6.31049990653992        5.10849992434184      -6.948096119593922E-002
   6.31049990653992        5.40899991989136      -6.551131023049220E-002
   6.31049990653992        5.70949991544088      -6.172429526581850E-002
   6.31049990653992        6.00999991099040      -5.809511565671982E-002
   6.31049990653992        6.31049990653992      -5.456349016213261E-002
   6.31049990653992        6.61099990208944      -5.086121981531946E-002
   6.31049990653992        6.91149989763896      -4.661507094767436E-002
   6.31049990653992        7.21199989318848      -4.266354650433359E-002
   6.61099990208944       0.000000000000000E+000 -0.152127815325151     
   6.61099990208944       0.300499995549520      -0.139876961254370     
   6.61099990208944       0.600999991099040      -0.127125095193768     
   6.61099990208944       0.901499986648560      -0.121842793171277     
   6.61099990208944        1.20199998219808      -0.118105903403286     
   6.61099990208944        1.50249997774760      -0.114211273928094     
   6.61099990208944        1.80299997329712      -0.110300921584427     
   6.61099990208944        2.10349996884664      -0.106668536318953     
   6.61099990208944        2.40399996439616      -0.103404146725651     
   6.61099990208944        2.70449995994568      -0.100409598259566     
   6.61099990208944        3.00499995549520      -9.729320278404487E-002
   6.61099990208944        3.30549995104472      -9.336694238958732E-002
   6.61099990208944        3.60599994659424      -8.829819181081201E-002
   6.61099990208944        3.90649994214376      -8.294585028895257E-002
   6.61099990208944        4.20699993769328      -7.811383390200502E-002
   6.61099990208944        4.50749993324280      -7.375139980215387E-002
   6.61099990208944        4.80799992879232      -6.972457008849406E-002
   6.61099990208944        5.10849992434184      -6.584542740765853E-002
   6.61099990208944        5.40899991989136      -6.214937258635835E-002
   6.61099990208944        5.70949991544088      -5.860267240073036E-002
   6.61099990208944        6.00999991099040      -5.518173442870278E-002
   6.61099990208944        6.31049990653992      -5.188118648884057E-002
   6.61099990208944        6.61099990208944      -4.849537790131769E-002
   6.61099990208944        6.91149989763896      -4.406384793949440E-002
   6.61099990208944        7.21199989318848      -3.916967049307618E-002
   6.91149989763896       0.000000000000000E+000 -0.141688800890400     
   6.91149989763896       0.300499995549520      -0.127083319932019     
   6.91149989763896       0.600999991099040      -0.118971411163986     
   6.91149989763896       0.901499986648560      -0.115491867943413     
   6.91149989763896        1.20199998219808      -0.111257175945418     
   6.91149989763896        1.50249997774760      -0.106665692108333     
   6.91149989763896        1.80299997329712      -0.102428551480133     
   6.91149989763896        2.10349996884664      -9.889266397467741E-002
   6.91149989763896        2.40399996439616      -9.606538655537662E-002
   6.91149989763896        2.70449995994568      -9.366373057230998E-002
   6.91149989763896        3.00499995549520      -9.129635406960475E-002
   6.91149989763896        3.30549995104472      -8.814970395062605E-002
   6.91149989763896        3.60599994659424      -8.362072476872678E-002
   6.91149989763896        3.90649994214376      -7.861908891076844E-002
   6.91149989763896        4.20699993769328      -7.416252329844945E-002
   6.91149989763896        4.50749993324280      -6.999440268067701E-002
   6.91149989763896        4.80799992879232      -6.608722815159650E-002
   6.91149989763896        5.10849992434184      -6.238549002089545E-002
   6.91149989763896        5.40899991989136      -5.887563846073558E-002
   6.91149989763896        5.70949991544088      -5.549256492592843E-002
   6.91149989763896        6.00999991099040      -5.217084441911960E-002
   6.91149989763896        6.31049990653992      -4.890353048807487E-002
   6.91149989763896        6.61099990208944      -4.579115603066457E-002
   6.91149989763896        6.91149989763896      -4.268441196735889E-002
   6.91149989763896        7.21199989318848      -3.816317871064003E-002
   7.21199989318848       0.000000000000000E+000 -0.121063162279944     
   7.21199989318848       0.300499995549520      -0.120506379131142     
   7.21199989318848       0.600999991099040      -0.114942953853461     
   7.21199989318848       0.901499986648560      -0.109518608242365     
   7.21199989318848        1.20199998219808      -0.104130295540028     
   7.21199989318848        1.50249997774760      -9.914462529201032E-002
   7.21199989318848        1.80299997329712      -9.491107956161819E-002
   7.21199989318848        2.10349996884664      -9.159628355663910E-002
   7.21199989318848        2.40399996439616      -8.910561981858263E-002
   7.21199989318848        2.70449995994568      -8.706476060036047E-002
   7.21199989318848        3.00499995549520      -8.514017111515872E-002
   7.21199989318848        3.30549995104472      -8.258751432734450E-002
   7.21199989318848        3.60599994659424      -7.956983414824931E-002
   7.21199989318848        3.90649994214376      -7.529308716695361E-002
   7.21199989318848        4.20699993769328      -7.095676042441244E-002
   7.21199989318848        4.50749993324280      -6.667034516291849E-002
   7.21199989318848        4.80799992879232      -6.269930352029324E-002
   7.21199989318848        5.10849992434184      -5.906100991588246E-002
   7.21199989318848        5.40899991989136      -5.570829789741539E-002
   7.21199989318848        5.70949991544088      -5.250282996600497E-002
   7.21199989318848        6.00999991099040      -4.935843389551552E-002
   7.21199989318848        6.31049990653992      -4.623396360674439E-002
   7.21199989318848        6.61099990208944      -4.321957768036722E-002
   7.21199989318848        6.91149989763896      -4.084682788633247E-002
   7.21199989318848        7.21199989318848      -3.869424088694045E-002
