  0.000000000000000E+000  0.000000000000000E+000 -0.228130818810640     
  0.000000000000000E+000  0.300499995549520      -0.227376961013715     
  0.000000000000000E+000  0.600999991099040      -0.215510640176309     
  0.000000000000000E+000  0.901499986648560      -0.202098230353706     
  0.000000000000000E+000   1.20199998219808      -0.188869482746126     
  0.000000000000000E+000   1.50249997774760      -0.176693335564841     
  0.000000000000000E+000   1.80299997329712      -0.166038768521617     
  0.000000000000000E+000   2.10349996884664      -0.157070367039017     
  0.000000000000000E+000   2.40399996439616      -0.149619179868868     
  0.000000000000000E+000   2.70449995994568      -0.143270039626659     
  0.000000000000000E+000   3.00499995549520      -0.137335993048132     
  0.000000000000000E+000   3.30549995104472      -0.130235035410509     
  0.000000000000000E+000   3.60599994659424      -0.122288135657026     
  0.000000000000000E+000   3.90649994214376      -0.115117607976815     
  0.000000000000000E+000   4.20699993769328      -0.107641744575371     
  0.000000000000000E+000   4.50749993324280      -9.962721659382494E-002
  0.000000000000000E+000   4.80799992879232      -9.203882068593656E-002
  0.000000000000000E+000   5.10849992434184      -8.534873260873067E-002
  0.000000000000000E+000   5.40899991989136      -7.969775774463682E-002
  0.000000000000000E+000   5.70949991544088      -7.483847122981625E-002
  0.000000000000000E+000   6.00999991099040      -7.073335409337092E-002
  0.000000000000000E+000   6.31049990653992      -6.747460266399918E-002
  0.000000000000000E+000   6.61099990208944      -6.495813651876116E-002
  0.000000000000000E+000   6.91149989763896      -6.183997061645377E-002
  0.000000000000000E+000   7.21199989318848      -5.804129049385911E-002
  0.300499995549520       0.000000000000000E+000 -0.272054051370287     
  0.300499995549520       0.300499995549520      -0.244415472276084     
  0.300499995549520       0.600999991099040      -0.227007299507318     
  0.300499995549520       0.901499986648560      -0.216895331942979     
  0.300499995549520        1.20199998219808      -0.205088526663769     
  0.300499995549520        1.50249997774760      -0.192731592457209     
  0.300499995549520        1.80299997329712      -0.181149017238021     
  0.300499995549520        2.10349996884664      -0.170882581382798     
  0.300499995549520        2.40399996439616      -0.161971322200844     
  0.300499995549520        2.70449995994568      -0.154214741797213     
  0.300499995549520        3.00499995549520      -0.146736903867944     
  0.300499995549520        3.30549995104472      -0.137833926262302     
  0.300499995549520        3.60599994659424      -0.127022646724715     
  0.300499995549520        3.90649994214376      -0.117727611391702     
  0.300499995549520        4.20699993769328      -0.110166738521920     
  0.300499995549520        4.50749993324280      -0.102725672673864     
  0.300499995549520        4.80799992879232      -9.553164856983032E-002
  0.300499995549520        5.10849992434184      -8.891865749814332E-002
  0.300499995549520        5.40899991989136      -8.302969743288413E-002
  0.300499995549520        5.70949991544088      -7.779639999651786E-002
  0.300499995549520        6.00999991099040      -7.320064385016675E-002
  0.300499995549520        6.31049990653992      -6.928007684029316E-002
  0.300499995549520        6.61099990208944      -6.589136343487777E-002
  0.300499995549520        6.91149989763896      -6.234364420527158E-002
  0.300499995549520        7.21199989318848      -5.776963457426969E-002
  0.600999991099040       0.000000000000000E+000 -0.299072878278210     
  0.600999991099040       0.300499995549520      -0.275019157247689     
  0.600999991099040       0.600999991099040      -0.248006675460609     
  0.600999991099040       0.901499986648560      -0.233620784346183     
  0.600999991099040        1.20199998219808      -0.221551777313518     
  0.600999991099040        1.50249997774760      -0.209116560568090     
  0.600999991099040        1.80299997329712      -0.196809209530877     
  0.600999991099040        2.10349996884664      -0.185232889483836     
  0.600999991099040        2.40399996439616      -0.174611089469838     
  0.600999991099040        2.70449995994568      -0.164928395288345     
  0.600999991099040        3.00499995549520      -0.155317129952802     
  0.600999991099040        3.30549995104472      -0.144486530644413     
  0.600999991099040        3.60599994659424      -0.132580386471344     
  0.600999991099040        3.90649994214376      -0.122065387064927     
  0.600999991099040        4.20699993769328      -0.113633301068345     
  0.600999991099040        4.50749993324280      -0.106137622899947     
  0.600999991099040        4.80799992879232      -9.910763153046440E-002
  0.600999991099040        5.10849992434184      -9.244178723574795E-002
  0.600999991099040        5.40899991989136      -8.630978423045729E-002
  0.600999991099040        5.70949991544088      -8.071146501440937E-002
  0.600999991099040        6.00999991099040      -7.567654154960099E-002
  0.600999991099040        6.31049990653992      -7.123757106150018E-002
  0.600999991099040        6.61099990208944      -6.722557814223462E-002
  0.600999991099040        6.91149989763896      -6.286172317997521E-002
  0.600999991099040        7.21199989318848      -5.772054304576654E-002
  0.901499986648560       0.000000000000000E+000 -0.304302528726864     
  0.901499986648560       0.300499995549520      -0.292319705456016     
  0.901499986648560       0.600999991099040      -0.271546454842715     
  0.901499986648560       0.901499986648560      -0.254837393941678     
  0.901499986648560        1.20199998219808      -0.240653905977109     
  0.901499986648560        1.50249997774760      -0.226775461434669     
  0.901499986648560        1.80299997329712      -0.213016571814514     
  0.901499986648560        2.10349996884664      -0.199821520986172     
  0.901499986648560        2.40399996439616      -0.187410514920170     
  0.901499986648560        2.70449995994568      -0.175665511089102     
  0.901499986648560        3.00499995549520      -0.164123511225394     
  0.901499986648560        3.30549995104472      -0.152021358930193     
  0.901499986648560        3.60599994659424      -0.139620695053363     
  0.901499986648560        3.90649994214376      -0.128264507025081     
  0.901499986648560        4.20699993769328      -0.118674014720469     
  0.901499986648560        4.50749993324280      -0.110474565051905     
  0.901499986648560        4.80799992879232      -0.102985108252871     
  0.901499986648560        5.10849992434184      -9.596694341619466E-002
  0.901499986648560        5.40899991989136      -8.948578761843674E-002
  0.901499986648560        5.70949991544088      -8.348465154904246E-002
  0.901499986648560        6.00999991099040      -7.801045492880272E-002
  0.901499986648560        6.31049990653992      -7.309451349375977E-002
  0.901499986648560        6.61099990208944      -6.855855769842323E-002
  0.901499986648560        6.91149989763896      -6.392139292969341E-002
  0.901499986648560        7.21199989318848      -5.916864657038249E-002
   1.20199998219808       0.000000000000000E+000 -0.321636967011648     
   1.20199998219808       0.300499995549520      -0.314881730279231     
   1.20199998219808       0.600999991099040      -0.299518734247713     
   1.20199998219808       0.901499986648560      -0.282121429780278     
   1.20199998219808        1.20199998219808      -0.264661215226809     
   1.20199998219808        1.50249997774760      -0.247301553926044     
   1.20199998219808        1.80299997329712      -0.230502524034588     
   1.20199998219808        2.10349996884664      -0.214788328454899     
   1.20199998219808        2.40399996439616      -0.200224910248699     
   1.20199998219808        2.70449995994568      -0.186522370481943     
   1.20199998219808        3.00499995549520      -0.173194151545801     
   1.20199998219808        3.30549995104472      -0.159927143787133     
   1.20199998219808        3.60599994659424      -0.146872362776376     
   1.20199998219808        3.90649994214376      -0.134775442958116     
   1.20199998219808        4.20699993769328      -0.124230711341595     
   1.20199998219808        4.50749993324280      -0.115109818601352     
   1.20199998219808        4.80799992879232      -0.106946658851787     
   1.20199998219808        5.10849992434184      -9.942367103494291E-002
   1.20199998219808        5.40899991989136      -9.245898505937476E-002
   1.20199998219808        5.70949991544088      -8.598160031666402E-002
   1.20199998219808        6.00999991099040      -8.001518881491967E-002
   1.20199998219808        6.31049990653992      -7.460879658969255E-002
   1.20199998219808        6.61099990208944      -6.964746055639995E-002
   1.20199998219808        6.91149989763896      -6.488164519002994E-002
   1.20199998219808        7.21199989318848      -6.027301015900945E-002
   1.50249997774760       0.000000000000000E+000 -0.365168280055739     
   1.50249997774760       0.300499995549520      -0.359087884350066     
   1.50249997774760       0.600999991099040      -0.343093971114127     
   1.50249997774760       0.901499986648560      -0.321390508318326     
   1.50249997774760        1.20199998219808      -0.297369907927559     
   1.50249997774760        1.50249997774760      -0.273326060280181     
   1.50249997774760        1.80299997329712      -0.250830071870462     
   1.50249997774760        2.10349996884664      -0.230618980258970     
   1.50249997774760        2.40399996439616      -0.212952195406342     
   1.50249997774760        2.70449995994568      -0.197130999971607     
   1.50249997774760        3.00499995549520      -0.182233555981302     
   1.50249997774760        3.30549995104472      -0.167745549725461     
   1.50249997774760        3.60599994659424      -0.153779630579047     
   1.50249997774760        3.90649994214376      -0.140866156418868     
   1.50249997774760        4.20699993769328      -0.129453203927470     
   1.50249997774760        4.50749993324280      -0.119541106578170     
   1.50249997774760        4.80799992879232      -0.110762598802153     
   1.50249997774760        5.10849992434184      -0.102705708057180     
   1.50249997774760        5.40899991989136      -9.516110858197206E-002
   1.50249997774760        5.70949991544088      -8.813222446080900E-002
   1.50249997774760        6.00999991099040      -8.163076540043293E-002
   1.50249997774760        6.31049990653992      -7.572792233502175E-002
   1.50249997774760        6.61099990208944      -7.037643607220158E-002
   1.50249997774760        6.91149989763896      -6.541985824717206E-002
   1.50249997774760        7.21199989318848      -6.077026965099660E-002
   1.80299997329712       0.000000000000000E+000 -0.444661130508709     
   1.80299997329712       0.300499995549520      -0.436007583018940     
   1.80299997329712       0.600999991099040      -0.412717210340501     
   1.80299997329712       0.901499986648560      -0.379949665032561     
   1.80299997329712        1.20199998219808      -0.343528401661137     
   1.80299997329712        1.50249997774760      -0.307740572958801     
   1.80299997329712        1.80299997329712      -0.275245213952330     
   1.80299997329712        2.10349996884664      -0.247922152294988     
   1.80299997329712        2.40399996439616      -0.225674167729452     
   1.80299997329712        2.70449995994568      -0.207113741543250     
   1.80299997329712        3.00499995549520      -0.190596686376160     
   1.80299997329712        3.30549995104472      -0.175035202499541     
   1.80299997329712        3.60599994659424      -0.160195340327426     
   1.80299997329712        3.90649994214376      -0.146447598375391     
   1.80299997329712        4.20699993769328      -0.134228839615651     
   1.80299997329712        4.50749993324280      -0.123614252799714     
   1.80299997329712        4.80799992879232      -0.114265703680683     
   1.80299997329712        5.10849992434184      -0.105700307639056     
   1.80299997329712        5.40899991989136      -9.760637906926750E-002
   1.80299997329712        5.70949991544088      -8.996081972605183E-002
   1.80299997329712        6.00999991099040      -8.289642865991226E-002
   1.80299997329712        6.31049990653992      -7.649116519618475E-002
   1.80299997329712        6.61099990208944      -7.074042080955199E-002
   1.80299997329712        6.91149989763896      -6.553172522053838E-002
   1.80299997329712        7.21199989318848      -6.076323909771086E-002
   2.10349996884664       0.000000000000000E+000 -0.572796157186977     
   2.10349996884664       0.300499995549520      -0.557851411434304     
   2.10349996884664       0.600999991099040      -0.517812538352614     
   2.10349996884664       0.901499986648560      -0.463751878811546     
   2.10349996884664        1.20199998219808      -0.405572234852291     
   2.10349996884664        1.50249997774760      -0.350935946408433     
   2.10349996884664        1.80299997329712      -0.304294803670395     
   2.10349996884664        2.10349996884664      -0.267128766119710     
   2.10349996884664        2.40399996439616      -0.238579435315114     
   2.10349996884664        2.70449995994568      -0.216367697647400     
   2.10349996884664        3.00499995549520      -0.197913871386395     
   2.10349996884664        3.30549995104472      -0.181310054928178     
   2.10349996884664        3.60599994659424      -0.165751398875102     
   2.10349996884664        3.90649994214376      -0.151327493904689     
   2.10349996884664        4.20699993769328      -0.138430325865601     
   2.10349996884664        4.50749993324280      -0.127199649211459     
   2.10349996884664        4.80799992879232      -0.117336888604711     
   2.10349996884664        5.10849992434184      -0.108317781418267     
   2.10349996884664        5.40899991989136      -9.974973048594224E-002
   2.10349996884664        5.70949991544088      -9.156346728676618E-002
   2.10349996884664        6.00999991099040      -8.392316426343890E-002
   2.10349996884664        6.31049990653992      -7.699106492379852E-002
   2.10349996884664        6.61099990208944      -7.078315548000164E-002
   2.10349996884664        6.91149989763896      -6.524036568713942E-002
   2.10349996884664        7.21199989318848      -6.030402329765127E-002
   2.40399996439616       0.000000000000000E+000 -0.771349353219841     
   2.40399996439616       0.300499995549520      -0.742216991839590     
   2.40399996439616       0.600999991099040      -0.667020946261231     
   2.40399996439616       0.901499986648560      -0.573402688663459     
   2.40399996439616        1.20199998219808      -0.481772214843952     
   2.40399996439616        1.50249997774760      -0.401979593134065     
   2.40399996439616        1.80299997329712      -0.337406654991381     
   2.40399996439616        2.10349996884664      -0.288013628900463     
   2.40399996439616        2.40399996439616      -0.251651195342061     
   2.40399996439616        2.70449995994568      -0.224903937625814     
   2.40399996439616        3.00499995549520      -0.204113088193034     
   2.40399996439616        3.30549995104472      -0.186406859171885     
   2.40399996439616        3.60599994659424      -0.170256067683983     
   2.40399996439616        3.90649994214376      -0.155340862106702     
   2.40399996439616        4.20699993769328      -0.141929927435647     
   2.40399996439616        4.50749993324280      -0.130199717526729     
   2.40399996439616        4.80799992879232      -0.119903133088362     
   2.40399996439616        5.10849992434184      -0.110504992949588     
   2.40399996439616        5.40899991989136      -0.101553474473173     
   2.40399996439616        5.70949991544088      -9.292759819454460E-002
   2.40399996439616        6.00999991099040      -8.478224519933311E-002
   2.40399996439616        6.31049990653992      -7.729858040675855E-002
   2.40399996439616        6.61099990208944      -7.051133134120474E-002
   2.40399996439616        6.91149989763896      -6.442703746125350E-002
   2.40399996439616        7.21199989318848      -5.926353954843846E-002
   2.70449995994568       0.000000000000000E+000  -1.03744096040153     
   2.70449995994568       0.300499995549520      -0.989237696389093     
   2.70449995994568       0.600999991099040      -0.865195351998080     
   2.70449995994568       0.901499986648560      -0.710274560595639     
   2.70449995994568        1.20199998219808      -0.569338435467463     
   2.70449995994568        1.50249997774760      -0.457531529692604     
   2.70449995994568        1.80299997329712      -0.372153492878925     
   2.70449995994568        2.10349996884664      -0.309213344083371     
   2.70449995994568        2.40399996439616      -0.264306046815054     
   2.70449995994568        2.70449995994568      -0.232574990530409     
   2.70449995994568        3.00499995549520      -0.209210574968084     
   2.70449995994568        3.30549995104472      -0.190344132180353     
   2.70449995994568        3.60599994659424      -0.173674874850159     
   2.70449995994568        3.90649994214376      -0.158415598478448     
   2.70449995994568        4.20699993769328      -0.144652491524294     
   2.70449995994568        4.50749993324280      -0.132557676993363     
   2.70449995994568        4.80799992879232      -0.121927866683414     
   2.70449995994568        5.10849992434184      -0.112237028758864     
   2.70449995994568        5.40899991989136      -0.102996609718301     
   2.70449995994568        5.70949991544088      -9.403483455528848E-002
   2.70449995994568        6.00999991099040      -8.546565013415737E-002
   2.70449995994568        6.31049990653992      -7.740882890338467E-002
   2.70449995994568        6.61099990208944      -6.988864348005648E-002
   2.70449995994568        6.91149989763896      -6.323290608441984E-002
   2.70449995994568        7.21199989318848      -5.789405312060871E-002
   3.00499995549520       0.000000000000000E+000  -1.32215083725235     
   3.00499995549520       0.300499995549520       -1.25346913798944     
   3.00499995549520       0.600999991099040       -1.07611597075666     
   3.00499995549520       0.901499986648560      -0.858253684217181     
   3.00499995549520        1.20199998219808      -0.658641383345326     
   3.00499995549520        1.50249997774760      -0.510349685674164     
   3.00499995549520        1.80299997329712      -0.403926000061430     
   3.00499995549520        2.10349996884664      -0.328108348367271     
   3.00499995549520        2.40399996439616      -0.275261773206987     
   3.00499995549520        2.70449995994568      -0.238898124332751     
   3.00499995549520        3.00499995549520      -0.213116459489982     
   3.00499995549520        3.30549995104472      -0.193158267123619     
   3.00499995549520        3.60599994659424      -0.176039258711762     
   3.00499995549520        3.90649994214376      -0.160547542768800     
   3.00499995549520        4.20699993769328      -0.146572488857347     
   3.00499995549520        4.50749993324280      -0.134245938996431     
   3.00499995549520        4.80799992879232      -0.123390044708092     
   3.00499995549520        5.10849992434184      -0.113496273666693     
   3.00499995549520        5.40899991989136      -0.104058865277351     
   3.00499995549520        5.70949991544088      -9.486612174989059E-002
   3.00499995549520        6.00999991099040      -8.598302451490826E-002
   3.00499995549520        6.31049990653992      -7.746297245215224E-002
   3.00499995549520        6.61099990208944      -6.940454905396430E-002
   3.00499995549520        6.91149989763896      -6.224675354307793E-002
   3.00499995549520        7.21199989318848      -5.675111462716427E-002
   3.30549995104472       0.000000000000000E+000  -1.52369988823498     
   3.30549995104472       0.300499995549520       -1.44549283515770     
   3.30549995104472       0.600999991099040       -1.23863919127333     
   3.30549995104472       0.901499986648560      -0.972858426307766     
   3.30549995104472        1.20199998219808      -0.729587564744437     
   3.30549995104472        1.50249997774760      -0.549528912474015     
   3.30549995104472        1.80299997329712      -0.426669846862541     
   3.30549995104472        2.10349996884664      -0.341375262801215     
   3.30549995104472        2.40399996439616      -0.282824496194631     
   3.30549995104472        2.70449995994568      -0.243140006615600     
   3.30549995104472        3.00499995549520      -0.215605464860491     
   3.30549995104472        3.30549995104472      -0.194838851879657     
   3.30549995104472        3.60599994659424      -0.177393707994268     
   3.30549995104472        3.90649994214376      -0.161771265336102     
   3.30549995104472        4.20699993769328      -0.147697772911232     
   3.30549995104472        4.50749993324280      -0.135252234575666     
   3.30549995104472        4.80799992879232      -0.124270193198439     
   3.30549995104472        5.10849992434184      -0.114260255211055     
   3.30549995104472        5.40899991989136      -0.104711306116456     
   3.30549995104472        5.70949991544088      -9.538890383036394E-002
   3.30549995104472        6.00999991099040      -8.633225482245639E-002
   3.30549995104472        6.31049990653992      -7.758897201154777E-002
   3.30549995104472        6.61099990208944      -6.931147535779474E-002
   3.30549995104472        6.91149989763896      -6.207045884492897E-002
   3.30549995104472        7.21199989318848      -5.654065404123479E-002
   3.60599994659424       0.000000000000000E+000  -1.65405390037546     
   3.60599994659424       0.300499995549520       -1.50738715103855     
   3.60599994659424       0.600999991099040       -1.29693943637280     
   3.60599994659424       0.901499986648560       -1.01583306654633     
   3.60599994659424        1.20199998219808      -0.756612380895453     
   3.60599994659424        1.50249997774760      -0.564144363202873     
   3.60599994659424        1.80299997329712      -0.434969429311367     
   3.60599994659424        2.10349996884664      -0.346161759208855     
   3.60599994659424        2.40399996439616      -0.285527903220233     
   3.60599994659424        2.70449995994568      -0.244632723120906     
   3.60599994659424        3.00499995549520      -0.216453631109321     
   3.60599994659424        3.30549995104472      -0.195383095023716     
   3.60599994659424        3.60599994659424      -0.177814524931458     
   3.60599994659424        3.90649994214376      -0.162153208292054     
   3.60599994659424        4.20699993769328      -0.148056314086343     
   3.60599994659424        4.50749993324280      -0.135576717392202     
   3.60599994659424        4.80799992879232      -0.124555493411888     
   3.60599994659424        5.10849992434184      -0.114508835869153     
   3.60599994659424        5.40899991989136      -0.104924573378550     
   3.60599994659424        5.70949991544088      -9.556128770364052E-002
   3.60599994659424        6.00999991099040      -8.645369712468946E-002
   3.60599994659424        6.31049990653992      -7.765814603756507E-002
   3.60599994659424        6.61099990208944      -6.939889115222904E-002
   3.60599994659424        6.91149989763896      -6.248541918885338E-002
   3.60599994659424        7.21199989318848      -5.732185391283381E-002
   3.90649994214376       0.000000000000000E+000  -1.52369979020258     
   3.90649994214376       0.300499995549520       -1.44511209752911     
   3.90649994214376       0.600999991099040       -1.23828346400289     
   3.90649994214376       0.901499986648560      -0.972634140327501     
   3.90649994214376        1.20199998219808      -0.729466117321150     
   3.90649994214376        1.50249997774760      -0.549459650796690     
   3.90649994214376        1.80299997329712      -0.426622372901236     
   3.90649994214376        2.10349996884664      -0.341337906856976     
   3.90649994214376        2.40399996439616      -0.282791274185038     
   3.90649994214376        2.70449995994568      -0.243107631287128     
   3.90649994214376        3.00499995549520      -0.215572497635371     
   3.90649994214376        3.30549995104472      -0.194805232375714     
   3.90649994214376        3.60599994659424      -0.177360191477362     
   3.90649994214376        3.90649994214376      -0.161738714591450     
   3.90649994214376        4.20699993769328      -0.147666842564644     
   3.90649994214376        4.50749993324280      -0.135223214466475     
   3.90649994214376        4.80799992879232      -0.124242949436258     
   3.90649994214376        5.10849992434184      -0.114234407355131     
   3.90649994214376        5.40899991989136      -0.104686149141651     
   3.90649994214376        5.70949991544088      -9.536311810411148E-002
   3.90649994214376        6.00999991099040      -8.630204189049381E-002
   3.90649994214376        6.31049990653992      -7.754825484855872E-002
   3.90649994214376        6.61099990208944      -6.925753787744021E-002
   3.90649994214376        6.91149989763896      -6.202092939423077E-002
   3.90649994214376        7.21199989318848      -5.656182478086771E-002
   4.20699993769328       0.000000000000000E+000  -1.32215533529663     
   4.20699993769328       0.300499995549520       -1.25311508559036     
   4.20699993769328       0.600999991099040       -1.07571000127963     
   4.20699993769328       0.901499986648560      -0.857961121345278     
   4.20699993769328        1.20199998219808      -0.658468130293281     
   4.20699993769328        1.50249997774760      -0.510238496259211     
   4.20699993769328        1.80299997329712      -0.403844244081215     
   4.20699993769328        2.10349996884664      -0.328040126933728     
   4.20699993769328        2.40399996439616      -0.275197936885166     
   4.20699993769328        2.70449995994568      -0.238833855757940     
   4.20699993769328        3.00499995549520      -0.213050270178662     
   4.20699993769328        3.30549995104472      -0.193090965970632     
   4.20699993769328        3.60599994659424      -0.175972541728623     
   4.20699993769328        3.90649994214376      -0.160482907539092     
   4.20699993769328        4.20699993769328      -0.146510842856375     
   4.20699993769328        4.50749993324280      -0.134187575297281     
   4.20699993769328        4.80799992879232      -0.123334847686971     
   4.20699993769328        5.10849992434184      -0.113443880481400     
   4.20699993769328        5.40899991989136      -0.104008602860727     
   4.20699993769328        5.70949991544088      -9.481669089940219E-002
   4.20699993769328        6.00999991099040      -8.593134007507203E-002
   4.20699993769328        6.31049990653992      -7.740368350259157E-002
   4.20699993769328        6.61099990208944      -6.934261960879588E-002
   4.20699993769328        6.91149989763896      -6.221090322933032E-002
   4.20699993769328        7.21199989318848      -5.678756806070643E-002
   4.50749993324280       0.000000000000000E+000  -1.03744705281362     
   4.50749993324280       0.300499995549520      -0.989020476360619     
   4.50749993324280       0.600999991099040      -0.864908771358077     
   4.50749993324280       0.901499986648560      -0.710043049068984     
   4.50749993324280        1.20199998219808      -0.569175439260367     
   4.50749993324280        1.50249997774760      -0.457410890762850     
   4.50749993324280        1.80299997329712      -0.372054832797087     
   4.50749993324280        2.10349996884664      -0.309122428328660     
   4.50749993324280        2.40399996439616      -0.264214018921205     
   4.50749993324280        2.70449995994568      -0.232478315425509     
   4.50749993324280        3.00499995549520      -0.209110066204326     
   4.50749993324280        3.30549995104472      -0.190242796704269     
   4.50749993324280        3.60599994659424      -0.173575655966665     
   4.50749993324280        3.90649994214376      -0.158320004091160     
   4.50749993324280        4.20699993769328      -0.144560862631283     
   4.50749993324280        4.50749993324280      -0.132469826691296     
   4.50749993324280        4.80799992879232      -0.121843784532773     
   4.50749993324280        5.10849992434184      -0.112157085269895     
   4.50749993324280        5.40899991989136      -0.102921083678882     
   4.50749993324280        5.70949991544088      -9.396360984541774E-002
   4.50749993324280        6.00999991099040      -8.539819626411070E-002
   4.50749993324280        6.31049990653992      -7.734507811700096E-002
   4.50749993324280        6.61099990208944      -6.983585640839880E-002
   4.50749993324280        6.91149989763896      -6.321215560100611E-002
   4.50749993324280        7.21199989318848      -5.792501714256319E-002
   4.80799992879232       0.000000000000000E+000 -0.771354457915712     
   4.80799992879232       0.300499995549520      -0.742108449759241     
   4.80799992879232       0.600999991099040      -0.666864134145410     
   4.80799992879232       0.901499986648560      -0.573252119473490     
   4.80799992879232        1.20199998219808      -0.481644567984492     
   4.80799992879232        1.50249997774760      -0.401869849889154     
   4.80799992879232        1.80299997329712      -0.337302703623345     
   4.80799992879232        2.10349996884664      -0.287904120635685     
   4.80799992879232        2.40399996439616      -0.251530023345829     
   4.80799992879232        2.70449995994568      -0.224771819531946     
   4.80799992879232        3.00499995549520      -0.203975624858522     
   4.80799992879232        3.30549995104472      -0.186270695666476     
   4.80799992879232        3.60599994659424      -0.170125439777911     
   4.80799992879232        3.90649994214376      -0.155216457507820     
   4.80799992879232        4.20699993769328      -0.141810098159697     
   4.80799992879232        4.50749993324280      -0.130083035059247     
   4.80799992879232        4.80799992879232      -0.119789858684132     
   4.80799992879232        5.10849992434184      -0.110396875660266     
   4.80799992879232        5.40899991989136      -0.101452541903556     
   4.80799992879232        5.70949991544088      -9.283519935518422E-002
   4.80799992879232        6.00999991099040      -8.469935106106968E-002
   4.80799992879232        6.31049990653992      -7.722755677344824E-002
   4.80799992879232        6.61099990208944      -7.045853837569820E-002
   4.80799992879232        6.91149989763896      -6.440349560693889E-002
   4.80799992879232        7.21199989318848      -5.927618259825195E-002
   5.10849992434184       0.000000000000000E+000 -0.572799160245784     
   5.10849992434184       0.300499995549520      -0.557801095853817     
   5.10849992434184       0.600999991099040      -0.517731011093477     
   5.10849992434184       0.901499986648560      -0.463660916077186     
   5.10849992434184        1.20199998219808      -0.405481716595739     
   5.10849992434184        1.50249997774760      -0.350842391921941     
   5.10849992434184        1.80299997329712      -0.304187464526020     
   5.10849992434184        2.10349996884664      -0.266998129070836     
   5.10849992434184        2.40399996439616      -0.238423637737003     
   5.10849992434184        2.70449995994568      -0.216193966615863     
   5.10849992434184        3.00499995549520      -0.197734991827640     
   5.10849992434184        3.30549995104472      -0.181137826681269     
   5.10849992434184        3.60599994659424      -0.165591192762983     
   5.10849992434184        3.90649994214376      -0.151177491221953     
   5.10849992434184        4.20699993769328      -0.138285296460155     
   5.10849992434184        4.50749993324280      -0.127056058206354     
   5.10849992434184        4.80799992879232      -0.117195345402622     
   5.10849992434184        5.10849992434184      -0.108182146600701     
   5.10849992434184        5.40899991989136      -9.962420347654348E-002
   5.10849992434184        5.70949991544088      -9.145048144912872E-002
   5.10849992434184        6.00999991099040      -8.382362864110186E-002
   5.10849992434184        6.31049990653992      -7.690680184036927E-002
   5.10849992434184        6.61099990208944      -7.071902047460643E-002
   5.10849992434184        6.91149989763896      -6.520292499280081E-002
   5.10849992434184        7.21199989318848      -6.029701261211878E-002
   5.40899991989136       0.000000000000000E+000 -0.444662170822963     
   5.40899991989136       0.300499995549520      -0.435975970943039     
   5.40899991989136       0.600999991099040      -0.412666531574056     
   5.40899991989136       0.901499986648560      -0.379893622854667     
   5.40899991989136        1.20199998219808      -0.343466726204971     
   5.40899991989136        1.50249997774760      -0.307659046383308     
   5.40899991989136        1.80299997329712      -0.275129539695173     
   5.40899991989136        2.10349996884664      -0.247763272413020     
   5.40899991989136        2.40399996439616      -0.225474892013896     
   5.40899991989136        2.70449995994568      -0.206889793302199     
   5.40899991989136        3.00499995549520      -0.190370508843523     
   5.40899991989136        3.30549995104472      -0.174825533016105     
   5.40899991989136        3.60599994659424      -0.160008445690441     
   5.40899991989136        3.90649994214376      -0.146276825245808     
   5.40899991989136        4.20699993769328      -0.134062891818888     
   5.40899991989136        4.50749993324280      -0.123446593513480     
   5.40899991989136        4.80799992879232      -0.114098049611384     
   5.40899991989136        5.10849992434184      -0.105539605694841     
   5.40899991989136        5.40899991989136      -9.745921144844184E-002
   5.40899991989136        5.70949991544088      -8.982963333594102E-002
   5.40899991989136        6.00999991099040      -8.278003977572258E-002
   5.40899991989136        6.31049990653992      -7.638874413400432E-002
   5.40899991989136        6.61099990208944      -7.065601739660721E-002
   5.40899991989136        6.91149989763896      -6.547364111868927E-002
   5.40899991989136        7.21199989318848      -6.073850603729275E-002
   5.70949991544088       0.000000000000000E+000 -0.365167775757778     
   5.70949991544088       0.300499995549520      -0.359054165158478     
   5.70949991544088       0.600999991099040      -0.343044149140416     
   5.70949991544088       0.901499986648560      -0.321340724214274     
   5.70949991544088        1.20199998219808      -0.297318269054640     
   5.70949991544088        1.50249997774760      -0.273250033414893     
   5.70949991544088        1.80299997329712      -0.250700922888183     
   5.70949991544088        2.10349996884664      -0.230424605917619     
   5.70949991544088        2.40399996439616      -0.212699805519979     
   5.70949991544088        2.70449995994568      -0.196845727810153     
   5.70949991544088        3.00499995549520      -0.181950920598476     
   5.70949991544088        3.30549995104472      -0.167495961612248     
   5.70949991544088        3.60599994659424      -0.153571308112800     
   5.70949991544088        3.90649994214376      -0.140682458062227     
   5.70949991544088        4.20699993769328      -0.129271429133994     
   5.70949991544088        4.50749993324280      -0.119351574328867     
   5.70949991544088        4.80799992879232      -0.110570830888658     
   5.70949991544088        5.10849992434184      -0.102523828858433     
   5.70949991544088        5.40899991989136      -9.499831140710109E-002
   5.70949991544088        5.70949991544088      -8.798913333906291E-002
   5.70949991544088        6.00999991099040      -8.150136908967338E-002
   5.70949991544088        6.31049990653992      -7.560742384230278E-002
   5.70949991544088        6.61099990208944      -7.026690938759320E-002
   5.70949991544088        6.91149989763896      -6.533232872904744E-002
   5.70949991544088        7.21199989318848      -6.071997640783350E-002
   6.00999991099040       0.000000000000000E+000 -0.321635187946739     
   6.00999991099040       0.300499995549520      -0.314836904117514     
   6.00999991099040       0.600999991099040      -0.299456228486381     
   6.00999991099040       0.901499986648560      -0.282067135467957     
   6.00999991099040        1.20199998219808      -0.264612874479869     
   6.00999991099040        1.50249997774760      -0.247227464284243     
   6.00999991099040        1.80299997329712      -0.230361560690934     
   6.00999991099040        2.10349996884664      -0.214555854569790     
   6.00999991099040        2.40399996439616      -0.199909454154838     
   6.00999991099040        2.70449995994568      -0.186156897653886     
   6.00999991099040        3.00499995549520      -0.172832798508601     
   6.00999991099040        3.30549995104472      -0.159628997508590     
   6.00999991099040        3.60599994659424      -0.146655580922941     
   6.00999991099040        3.90649994214376      -0.134596200373039     
   6.00999991099040        4.20699993769328      -0.124038397535709     
   6.00999991099040        4.50749993324280      -0.114895708202934     
   6.00999991099040        4.80799992879232      -0.106729131687272     
   6.00999991099040        5.10849992434184      -9.922449790341045E-002
   6.00999991099040        5.40899991989136      -9.229074128452341E-002
   6.00999991099040        5.70949991544088      -8.584122039176599E-002
   6.00999991099040        6.00999991099040      -7.988876597742461E-002
   6.00999991099040        6.31049990653992      -7.448240772858353E-002
   6.00999991099040        6.61099990208944      -6.951771772418797E-002
   6.00999991099040        6.91149989763896      -6.476009861044524E-002
   6.00999991099040        7.21199989318848      -6.018482024662858E-002
   6.31049990653992       0.000000000000000E+000 -0.304299645967051     
   6.31049990653992       0.300499995549520      -0.292266654499907     
   6.31049990653992       0.600999991099040      -0.271470440209361     
   6.31049990653992       0.901499986648560      -0.254782939253888     
   6.31049990653992        1.20199998219808      -0.240619864986757     
   6.31049990653992        1.50249997774760      -0.226714622779659     
   6.31049990653992        1.80299997329712      -0.212872522094346     
   6.31049990653992        2.10349996884664      -0.199555075777727     
   6.31049990653992        2.40399996439616      -0.187019973775049     
   6.31049990653992        2.70449995994568      -0.175178303993515     
   6.31049990653992        3.00499995549520      -0.163624805630930     
   6.31049990653992        3.30549995104472      -0.151640454246493     
   6.31049990653992        3.60599994659424      -0.139397438677772     
   6.31049990653992        3.90649994214376      -0.128097272273708     
   6.31049990653992        4.20699993769328      -0.118461196413071     
   6.31049990653992        4.50749993324280      -0.110215785633671     
   6.31049990653992        4.80799992879232      -0.102730177701350     
   6.31049990653992        5.10849992434184      -9.575215022049223E-002
   6.31049990653992        5.40899991989136      -8.932564778300051E-002
   6.31049990653992        5.70949991544088      -8.336681693161740E-002
   6.31049990653992        6.00999991099040      -7.790496655393571E-002
   6.31049990653992        6.31049990653992      -7.297155774767677E-002
   6.31049990653992        6.61099990208944      -6.841120582182074E-002
   6.31049990653992        6.91149989763896      -6.376372982770706E-002
   6.31049990653992        7.21199989318848      -5.902516997420295E-002
   6.61099990208944       0.000000000000000E+000 -0.299069442017143     
   6.61099990208944       0.300499995549520      -0.274950995805431     
   6.61099990208944       0.600999991099040      -0.247890005548610     
   6.61099990208944       0.901499986648560      -0.233559098017878     
   6.61099990208944        1.20199998219808      -0.221543404717572     
   6.61099990208944        1.50249997774760      -0.209084366128710     
   6.61099990208944        1.80299997329712      -0.196675395225160     
   6.61099990208944        2.10349996884664      -0.184943121258610     
   6.61099990208944        2.40399996439616      -0.174134589777467     
   6.61099990208944        2.70449995994568      -0.164269215463044     
   6.61099990208944        3.00499995549520      -0.154605532032292     
   6.61099990208944        3.30549995104472      -0.143942551232499     
   6.61099990208944        3.60599994659424      -0.132307102198741     
   6.61099990208944        3.90649994214376      -0.121850412002888     
   6.61099990208944        4.20699993769328      -0.113316894337591     
   6.61099990208944        4.50749993324280      -0.105771645222542     
   6.61099990208944        4.80799992879232      -9.878730892903292E-002
   6.61099990208944        5.10849992434184      -9.220860833361422E-002
   6.61099990208944        5.40899991989136      -8.616638280647874E-002
   6.61099990208944        5.70949991544088      -8.062651988757681E-002
   6.61099990208944        6.00999991099040      -7.559013248474988E-002
   6.61099990208944        6.31049990653992      -7.108388058866526E-002
   6.61099990208944        6.61099990208944      -6.700131048560604E-002
   6.61099990208944        6.91149989763896      -6.264615658137289E-002
   6.61099990208944        7.21199989318848      -5.751149657462816E-002
   6.91149989763896       0.000000000000000E+000 -0.272050482882562     
   6.91149989763896       0.300499995549520      -0.244207865606110     
   6.91149989763896       0.600999991099040      -0.226717060186368     
   6.91149989763896       0.901499986648560      -0.216780254964861     
   6.91149989763896        1.20199998219808      -0.205097288060621     
   6.91149989763896        1.50249997774760      -0.192729099786491     
   6.91149989763896        1.80299997329712      -0.181033210319571     
   6.91149989763896        2.10349996884664      -0.170584529825840     
   6.91149989763896        2.40399996439616      -0.161425335669165     
   6.91149989763896        2.70449995994568      -0.153414465411469     
   6.91149989763896        3.00499995549520      -0.145802199987338     
   6.91149989763896        3.30549995104472      -0.137050555671910     
   6.91149989763896        3.60599994659424      -0.126616727040438     
   6.91149989763896        3.90649994214376      -0.117297625831262     
   6.91149989763896        4.20699993769328      -0.109599269927625     
   6.91149989763896        4.50749993324280      -0.102176129278823     
   6.91149989763896        4.80799992879232      -9.511378243040548E-002
   6.91149989763896        5.10849992434184      -8.866123342297134E-002
   6.91149989763896        5.40899991989136      -8.290121988239417E-002
   6.91149989763896        5.70949991544088      -7.773828032241052E-002
   6.91149989763896        6.00999991099040      -7.310933187340599E-002
   6.91149989763896        6.31049990653992      -6.900910385153254E-002
   6.91149989763896        6.61099990208944      -6.538807236592407E-002
   6.91149989763896        6.91149989763896      -6.194983664554862E-002
   6.91149989763896        7.21199989318848      -5.756801439342095E-002
   7.21199989318848       0.000000000000000E+000 -0.228125946518712     
   7.21199989318848       0.300499995549520      -0.227009348016613     
   7.21199989318848       0.600999991099040      -0.215032827349657     
   7.21199989318848       0.901499986648560      -0.201927602884814     
   7.21199989318848        1.20199998219808      -0.188876012845814     
   7.21199989318848        1.50249997774760      -0.176701472583295     
   7.21199989318848        1.80299997329712      -0.165935233020171     
   7.21199989318848        2.10349996884664      -0.156785080476595     
   7.21199989318848        2.40399996439616      -0.149080604635737     
   7.21199989318848        2.70449995994568      -0.142480209488212     
   7.21199989318848        3.00499995549520      -0.136402081588671     
   7.21199989318848        3.30549995104472      -0.129422769350786     
   7.21199989318848        3.60599994659424      -0.121856583537528     
   7.21199989318848        3.90649994214376      -0.114360386154585     
   7.21199989318848        4.20699993769328      -0.106797055393767     
   7.21199989318848        4.50749993324280      -9.891119801566135E-002
   7.21199989318848        4.80799992879232      -9.153916292495046E-002
   7.21199989318848        5.10849992434184      -8.506891602286200E-002
   7.21199989318848        5.40899991989136      -7.957413576895318E-002
   7.21199989318848        5.70949991544088      -7.479383342493101E-002
   7.21199989318848        6.00999991099040      -7.063591828702226E-002
   7.21199989318848        6.31049990653992      -6.711881138806537E-002
   7.21199989318848        6.61099990208944      -6.420116718460697E-002
   7.21199989318848        6.91149989763896      -6.124140003854683E-002
   7.21199989318848        7.21199989318848      -5.791979601628015E-002
