  0.000000000000000E+000  0.000000000000000E+000 -0.189095910913259     
  0.000000000000000E+000  0.300499995549520      -0.196748241945624     
  0.000000000000000E+000  0.600999991099040      -0.196182648827347     
  0.000000000000000E+000  0.901499986648560      -0.190296791689889     
  0.000000000000000E+000   1.20199998219808      -0.184601068093495     
  0.000000000000000E+000   1.50249997774760      -0.180136911678732     
  0.000000000000000E+000   1.80299997329712      -0.176893221245079     
  0.000000000000000E+000   2.10349996884664      -0.174796269738099     
  0.000000000000000E+000   2.40399996439616      -0.173680128713138     
  0.000000000000000E+000   2.70449995994568      -0.172944728875502     
  0.000000000000000E+000   3.00499995549520      -0.171507022611746     
  0.000000000000000E+000   3.30549995104472      -0.167155253531826     
  0.000000000000000E+000   3.60599994659424      -0.160192911479723     
  0.000000000000000E+000   3.90649994214376      -0.154890770198162     
  0.000000000000000E+000   4.20699993769328      -0.147641321874216     
  0.000000000000000E+000   4.50749993324280      -0.137435888326415     
  0.000000000000000E+000   4.80799992879232      -0.127254617068520     
  0.000000000000000E+000   5.10849992434184      -0.118491255351932     
  0.000000000000000E+000   5.40899991989136      -0.111548463560969     
  0.000000000000000E+000   5.70949991544088      -0.106197015863258     
  0.000000000000000E+000   6.00999991099040      -0.102362813618967     
  0.000000000000000E+000   6.31049990653992      -0.100009486402163     
  0.000000000000000E+000   6.61099990208944      -9.843781943085236E-002
  0.000000000000000E+000   6.91149989763896      -9.411202449062289E-002
  0.000000000000000E+000   7.21199989318848      -8.719833851112893E-002
  0.300499995549520       0.000000000000000E+000 -0.211971175360311     
  0.300499995549520       0.300499995549520      -0.199816153458963     
  0.300499995549520       0.600999991099040      -0.200198918693340     
  0.300499995549520       0.901499986648560      -0.201943576142821     
  0.300499995549520        1.20199998219808      -0.200325148756154     
  0.300499995549520        1.50249997774760      -0.197519357922521     
  0.300499995549520        1.80299997329712      -0.194756761521057     
  0.300499995549520        2.10349996884664      -0.192461873359965     
  0.300499995549520        2.40399996439616      -0.190566934548379     
  0.300499995549520        2.70449995994568      -0.188291558795262     
  0.300499995549520        3.00499995549520      -0.184204427574065     
  0.300499995549520        3.30549995104472      -0.176791736091651     
  0.300499995549520        3.60599994659424      -0.167942789480099     
  0.300499995549520        3.90649994214376      -0.161703002311117     
  0.300499995549520        4.20699993769328      -0.154519674492721     
  0.300499995549520        4.50749993324280      -0.144934256837265     
  0.300499995549520        4.80799992879232      -0.135003761006708     
  0.300499995549520        5.10849992434184      -0.126039488980773     
  0.300499995549520        5.40899991989136      -0.118487800724733     
  0.300499995549520        5.70949991544088      -0.112311965824626     
  0.300499995549520        6.00999991099040      -0.107366904236758     
  0.300499995549520        6.31049990653992      -0.103362347885711     
  0.300499995549520        6.61099990208944      -9.929498947772665E-002
  0.300499995549520        6.91149989763896      -9.396444977146015E-002
  0.300499995549520        7.21199989318848      -9.006856918070431E-002
  0.600999991099040       0.000000000000000E+000 -0.224083230253283     
  0.600999991099040       0.300499995549520      -0.216993030212140     
  0.600999991099040       0.600999991099040      -0.212039897063131     
  0.600999991099040       0.901499986648560      -0.214712313347498     
  0.600999991099040        1.20199998219808      -0.216370975450974     
  0.600999991099040        1.50249997774760      -0.215891002700105     
  0.600999991099040        1.80299997329712      -0.214166863463499     
  0.600999991099040        2.10349996884664      -0.211890169677959     
  0.600999991099040        2.40399996439616      -0.209156494153948     
  0.600999991099040        2.70449995994568      -0.205342647299640     
  0.600999991099040        3.00499995549520      -0.198958001436030     
  0.600999991099040        3.30549995104472      -0.189360364599828     
  0.600999991099040        3.60599994659424      -0.178763971804289     
  0.600999991099040        3.90649994214376      -0.170062248010772     
  0.600999991099040        4.20699993769328      -0.161727697970387     
  0.600999991099040        4.50749993324280      -0.152316866074892     
  0.600999991099040        4.80799992879232      -0.142661968287516     
  0.600999991099040        5.10849992434184      -0.133532906586664     
  0.600999991099040        5.40899991989136      -0.125384083516739     
  0.600999991099040        5.70949991544088      -0.118282504531926     
  0.600999991099040        6.00999991099040      -0.112035199014669     
  0.600999991099040        6.31049990653992      -0.106323716683612     
  0.600999991099040        6.61099990208944      -0.100761563240404     
  0.600999991099040        6.91149989763896      -9.578931258582565E-002
  0.600999991099040        7.21199989318848      -9.122946900423559E-002
  0.901499986648560       0.000000000000000E+000 -0.222780032708410     
  0.901499986648560       0.300499995549520      -0.227124574936459     
  0.901499986648560       0.600999991099040      -0.227856819001223     
  0.901499986648560       0.901499986648560      -0.231350733686798     
  0.901499986648560        1.20199998219808      -0.234775279534163     
  0.901499986648560        1.50249997774760      -0.236165523637843     
  0.901499986648560        1.80299997329712      -0.235488905616402     
  0.901499986648560        2.10349996884664      -0.233317762147472     
  0.901499986648560        2.40399996439616      -0.229991310394296     
  0.901499986648560        2.70449995994568      -0.224933230330643     
  0.901499986648560        3.00499995549520      -0.217307238442384     
  0.901499986648560        3.30549995104472      -0.206827020064394     
  0.901499986648560        3.60599994659424      -0.194898723265982     
  0.901499986648560        3.90649994214376      -0.183288842451365     
  0.901499986648560        4.20699993769328      -0.172219343075717     
  0.901499986648560        4.50749993324280      -0.161376697434721     
  0.901499986648560        4.80799992879232      -0.150978005934092     
  0.901499986648560        5.10849992434184      -0.141235474453111     
  0.901499986648560        5.40899991989136      -0.132293349285276     
  0.901499986648560        5.70949991544088      -0.124210494482270     
  0.901499986648560        6.00999991099040      -0.116794934109158     
  0.901499986648560        6.31049990653992      -0.109919538931632     
  0.901499986648560        6.61099990208944      -0.103600624348999     
  0.901499986648560        6.91149989763896      -9.791681415010087E-002
  0.901499986648560        7.21199989318848      -9.207461347020802E-002
   1.20199998219808       0.000000000000000E+000 -0.224220371899773     
   1.20199998219808       0.300499995549520      -0.235185266826902     
   1.20199998219808       0.600999991099040      -0.242997530734019     
   1.20199998219808       0.901499986648560      -0.250179532521582     
   1.20199998219808        1.20199998219808      -0.256000519520733     
   1.20199998219808        1.50249997774760      -0.259165432815065     
   1.20199998219808        1.80299997329712      -0.259375230546990     
   1.20199998219808        2.10349996884664      -0.257317990681215     
   1.20199998219808        2.40399996439616      -0.253319392701467     
   1.20199998219808        2.70449995994568      -0.246944807067378     
   1.20199998219808        3.00499995549520      -0.237917450562818     
   1.20199998219808        3.30549995104472      -0.226307363071361     
   1.20199998219808        3.60599994659424      -0.212832812675189     
   1.20199998219808        3.90649994214376      -0.198696956432775     
   1.20199998219808        4.20699993769328      -0.184857062075983     
   1.20199998219808        4.50749993324280      -0.171874601991771     
   1.20199998219808        4.80799992879232      -0.159988661900976     
   1.20199998219808        5.10849992434184      -0.149150295179433     
   1.20199998219808        5.40899991989136      -0.139192362399904     
   1.20199998219808        5.70949991544088      -0.130028486828134     
   1.20199998219808        6.00999991099040      -0.121490243365512     
   1.20199998219808        6.31049990653992      -0.113551420278238     
   1.20199998219808        6.61099990208944      -0.106281651344708     
   1.20199998219808        6.91149989763896      -9.957193781959070E-002
   1.20199998219808        7.21199989318848      -9.290403972350988E-002
   1.50249997774760       0.000000000000000E+000 -0.232428381134737     
   1.50249997774760       0.300499995549520      -0.247533057803828     
   1.50249997774760       0.600999991099040      -0.260730027013403     
   1.50249997774760       0.901499986648560      -0.272243600503612     
   1.50249997774760        1.20199998219808      -0.281127553268959     
   1.50249997774760        1.50249997774760      -0.286171659021864     
   1.50249997774760        1.80299997329712      -0.287168264401775     
   1.50249997774760        2.10349996884664      -0.284809287723020     
   1.50249997774760        2.40399996439616      -0.279340755776219     
   1.50249997774760        2.70449995994568      -0.270983755662701     
   1.50249997774760        3.00499995549520      -0.259927948037306     
   1.50249997774760        3.30549995104472      -0.246412315770232     
   1.50249997774760        3.60599994659424      -0.230976545380395     
   1.50249997774760        3.90649994214376      -0.214560295359983     
   1.50249997774760        4.20699993769328      -0.198280335746166     
   1.50249997774760        4.50749993324280      -0.183064969762506     
   1.50249997774760        4.80799992879232      -0.169370056251220     
   1.50249997774760        5.10849992434184      -0.157127199528689     
   1.50249997774760        5.40899991989136      -0.145979391206344     
   1.50249997774760        5.70949991544088      -0.135629631644287     
   1.50249997774760        6.00999991099040      -0.125938320417151     
   1.50249997774760        6.31049990653992      -0.116907796723775     
   1.50249997774760        6.61099990208944      -0.108638576597830     
   1.50249997774760        6.91149989763896      -0.101059725108018     
   1.50249997774760        7.21199989318848      -9.386276913851607E-002
   1.80299997329712       0.000000000000000E+000 -0.248264402834403     
   1.80299997329712       0.300499995549520      -0.266885401393586     
   1.80299997329712       0.600999991099040      -0.284358757244704     
   1.80299997329712       0.901499986648560      -0.299944291332346     
   1.80299997329712        1.20199998219808      -0.312038076898670     
   1.80299997329712        1.50249997774760      -0.319077149271968     
   1.80299997329712        1.80299997329712      -0.320533621414850     
   1.80299997329712        2.10349996884664      -0.316626033809950     
   1.80299997329712        2.40399996439616      -0.308267966140446     
   1.80299997329712        2.70449995994568      -0.296622269821110     
   1.80299997329712        3.00499995549520      -0.282555863901545     
   1.80299997329712        3.30549995104472      -0.266510715842020     
   1.80299997329712        3.60599994659424      -0.248839890405728     
   1.80299997329712        3.90649994214376      -0.230208701902930     
   1.80299997329712        4.20699993769328      -0.211654912136535     
   1.80299997329712        4.50749993324280      -0.194256692821341     
   1.80299997329712        4.80799992879232      -0.178671139610042     
   1.80299997329712        5.10849992434184      -0.164905754366602     
   1.80299997329712        5.40899991989136      -0.152504303541637     
   1.80299997329712        5.70949991544088      -0.140981129869907     
   1.80299997329712        6.00999991099040      -0.130140925072427     
   1.80299997329712        6.31049990653992      -0.120059388887324     
   1.80299997329712        6.61099990208944      -0.110890927610781     
   1.80299997329712        6.91149989763896      -0.102634419553262     
   1.80299997329712        7.21199989318848      -9.505091829645612E-002
   2.10349996884664       0.000000000000000E+000 -0.272646138798404     
   2.10349996884664       0.300499995549520      -0.294941556417225     
   2.10349996884664       0.600999991099040      -0.316117794500995     
   2.10349996884664       0.901499986648560      -0.335282834955142     
   2.10349996884664        1.20199998219808      -0.350331883575636     
   2.10349996884664        1.50249997774760      -0.358994579041607     
   2.10349996884664        1.80299997329712      -0.359786168354023     
   2.10349996884664        2.10349996884664      -0.352860506111950     
   2.10349996884664        2.40399996439616      -0.339963449903136     
   2.10349996884664        2.70449995994568      -0.323449588956728     
   2.10349996884664        3.00499995549520      -0.305131695286194     
   2.10349996884664        3.30549995104472      -0.285797634358362     
   2.10349996884664        3.60599994659424      -0.265608407378242     
   2.10349996884664        3.90649994214376      -0.244829789638554     
   2.10349996884664        4.20699993769328      -0.224216785172196     
   2.10349996884664        4.50749993324280      -0.204821585215934     
   2.10349996884664        4.80799992879232      -0.187440341931701     
   2.10349996884664        5.10849992434184      -0.172191441574306     
   2.10349996884664        5.40899991989136      -0.158589346847168     
   2.10349996884664        5.70949991544088      -0.146015682559533     
   2.10349996884664        6.00999991099040      -0.134171089723752     
   2.10349996884664        6.31049990653992      -0.123162163387405     
   2.10349996884664        6.61099990208944      -0.113230052219648     
   2.10349996884664        6.91149989763896      -0.104441530517899     
   2.10349996884664        7.21199989318848      -9.653295966654232E-002
   2.40399996439616       0.000000000000000E+000 -0.307508532727997     
   2.40399996439616       0.300499995549520      -0.333562261208362     
   2.40399996439616       0.600999991099040      -0.357491136130837     
   2.40399996439616       0.901499986648560      -0.378754586556263     
   2.40399996439616        1.20199998219808      -0.395386790371533     
   2.40399996439616        1.50249997774760      -0.404403189626404     
   2.40399996439616        1.80299997329712      -0.403348328822561     
   2.40399996439616        2.10349996884664      -0.392149846433539     
   2.40399996439616        2.40399996439616      -0.373340727113401     
   2.40399996439616        2.70449995994568      -0.350609142604840     
   2.40399996439616        3.00499995549520      -0.326932552103004     
   2.40399996439616        3.30549995104472      -0.303607221128880     
   2.40399996439616        3.60599994659424      -0.280634279801948     
   2.40399996439616        3.90649994214376      -0.257785133561547     
   2.40399996439616        4.20699993769328      -0.235366924647300     
   2.40399996439616        4.50749993324280      -0.214252199670294     
   2.40399996439616        4.80799992879232      -0.195291469056851     
   2.40399996439616        5.10849992434184      -0.178709637095030     
   2.40399996439616        5.40899991989136      -0.164037499393718     
   2.40399996439616        5.70949991544088      -0.150571675868513     
   2.40399996439616        6.00999991099040      -0.137921267233955     
   2.40399996439616        6.31049990653992      -0.126187691542113     
   2.40399996439616        6.61099990208944      -0.115682351247014     
   2.40399996439616        6.91149989763896      -0.106490692613397     
   2.40399996439616        7.21199989318848      -9.831768154820156E-002
   2.70449995994568       0.000000000000000E+000 -0.352338504028105     
   2.70449995994568       0.300499995549520      -0.382409747332578     
   2.70449995994568       0.600999991099040      -0.409229655295079     
   2.70449995994568       0.901499986648560      -0.430326284382638     
   2.70449995994568        1.20199998219808      -0.444467205534663     
   2.70449995994568        1.50249997774760      -0.451526448136930     
   2.70449995994568        1.80299997329712      -0.447438320267651     
   2.70449995994568        2.10349996884664      -0.431241028925986     
   2.70449995994568        2.40399996439616      -0.405910791968543     
   2.70449995994568        2.70449995994568      -0.376373211964030     
   2.70449995994568        3.00499995549520      -0.346831317915383     
   2.70449995994568        3.30549995104472      -0.319206632678811     
   2.70449995994568        3.60599994659424      -0.293389300784441     
   2.70449995994568        3.90649994214376      -0.268613345111072     
   2.70449995994568        4.20699993769328      -0.244665459727422     
   2.70449995994568        4.50749993324280      -0.222152345090831     
   2.70449995994568        4.80799992879232      -0.201898600479439     
   2.70449995994568        5.10849992434184      -0.184205597776392     
   2.70449995994568        5.40899991989136      -0.168642695477087     
   2.70449995994568        5.70949991544088      -0.154459158431115     
   2.70449995994568        6.00999991099040      -0.141191658270021     
   2.70449995994568        6.31049990653992      -0.128930573816893     
   2.70449995994568        6.61099990208944      -0.118030980150100     
   2.70449995994568        6.91149989763896      -0.108648998165222     
   2.70449995994568        7.21199989318848      -0.100412396138011     
   3.00499995549520       0.000000000000000E+000 -0.400283622335912     
   3.00499995549520       0.300499995549520      -0.434139535295858     
   3.00499995549520       0.600999991099040      -0.463332221011662     
   3.00499995549520       0.901499986648560      -0.485394560614083     
   3.00499995549520        1.20199998219808      -0.492884667285438     
   3.00499995549520        1.50249997774760      -0.494401981160335     
   3.00499995549520        1.80299997329712      -0.486313005979223     
   3.00499995549520        2.10349996884664      -0.465215653788554     
   3.00499995549520        2.40399996439616      -0.433874773148618     
   3.00499995549520        2.70449995994568      -0.398112016071781     
   3.00499995549520        3.00499995549520      -0.363203840709123     
   3.00499995549520        3.30549995104472      -0.331687863131556     
   3.00499995549520        3.60599994659424      -0.303362439109704     
   3.00499995549520        3.90649994214376      -0.276942616806172     
   3.00499995549520        4.20699993769328      -0.251758812110681     
   3.00499995549520        4.50749993324280      -0.228177265271906     
   3.00499995549520        4.80799992879232      -0.206951636739014     
   3.00499995549520        5.10849992434184      -0.188417163900693     
   3.00499995549520        5.40899991989136      -0.172179696062570     
   3.00499995549520        5.70949991544088      -0.157463694936800     
   3.00499995549520        6.00999991099040      -0.143749714496081     
   3.00499995549520        6.31049990653992      -0.131110943564183     
   3.00499995549520        6.61099990208944      -0.119937038885969     
   3.00499995549520        6.91149989763896      -0.110568880514442     
   3.00499995549520        7.21199989318848      -0.102532860828264     
   3.30549995104472       0.000000000000000E+000 -0.432366307897164     
   3.30549995104472       0.300499995549520      -0.471848661816906     
   3.30549995104472       0.600999991099040      -0.505488541410275     
   3.30549995104472       0.901499986648560      -0.528299283001009     
   3.30549995104472        1.20199998219808      -0.531733541713016     
   3.30549995104472        1.50249997774760      -0.525316719852549     
   3.30549995104472        1.80299997329712      -0.513366251044095     
   3.30549995104472        2.10349996884664      -0.488567404525657     
   3.30549995104472        2.40399996439616      -0.452951304281813     
   3.30549995104472        2.70449995994568      -0.412809869260743     
   3.30549995104472        3.00499995549520      -0.374151226611164     
   3.30549995104472        3.30549995104472      -0.339960664403551     
   3.30549995104472        3.60599994659424      -0.309928492183035     
   3.30549995104472        3.90649994214376      -0.282344429851990     
   3.30549995104472        4.20699993769328      -0.256281676988671     
   3.30549995104472        4.50749993324280      -0.231987035087997     
   3.30549995104472        4.80799992879232      -0.210142794015450     
   3.30549995104472        5.10849992434184      -0.191079882800941     
   3.30549995104472        5.40899991989136      -0.174419855950390     
   3.30549995104472        5.70949991544088      -0.159370807882209     
   3.30549995104472        6.00999991099040      -0.145359625954438     
   3.30549995104472        6.31049990653992      -0.132456828900433     
   3.30549995104472        6.61099990208944      -0.121013543520503     
   3.30549995104472        6.91149989763896      -0.111667118152866     
   3.30549995104472        7.21199989318848      -0.103862456730382     
   3.60599994659424       0.000000000000000E+000 -0.434969429311367     
   3.60599994659424       0.300499995549520      -0.482490178347585     
   3.60599994659424       0.600999991099040      -0.520945052510059     
   3.60599994659424       0.901499986648560      -0.544569138735567     
   3.60599994659424        1.20199998219808      -0.546777900359372     
   3.60599994659424        1.50249997774760      -0.536726887974055     
   3.60599994659424        1.80299997329712      -0.523100407710476     
   3.60599994659424        2.10349996884664      -0.496905044422496     
   3.60599994659424        2.40399996439616      -0.459736267971439     
   3.60599994659424        2.70449995994568      -0.418018908099591     
   3.60599994659424        3.00499995549520      -0.378022487037584     
   3.60599994659424        3.30549995104472      -0.342897644783964     
   3.60599994659424        3.60599994659424      -0.312272684504416     
   3.60599994659424        3.90649994214376      -0.284250808617818     
   3.60599994659424        4.20699993769328      -0.257848246051867     
   3.60599994659424        4.50749993324280      -0.233292418817865     
   3.60599994659424        4.80799992879232      -0.211232834414702     
   3.60599994659424        5.10849992434184      -0.191990195621942     
   3.60599994659424        5.40899991989136      -0.175187163808160     
   3.60599994659424        5.70949991544088      -0.160024690995110     
   3.60599994659424        6.00999991099040      -0.145907102567696     
   3.60599994659424        6.31049990653992      -0.132901065968272     
   3.60599994659424        6.61099990208944      -0.121309314821671     
   3.60599994659424        6.91149989763896      -0.112023534709992     
   3.60599994659424        7.21199989318848      -0.104928138811649     
   3.90649994214376       0.000000000000000E+000 -0.432373934005601     
   3.90649994214376       0.300499995549520      -0.471679562561070     
   3.90649994214376       0.600999991099040      -0.505322081141961     
   3.90649994214376       0.901499986648560      -0.528189158412446     
   3.90649994214376        1.20199998219808      -0.531671918684624     
   3.90649994214376        1.50249997774760      -0.525281221018408     
   3.90649994214376        1.80299997329712      -0.513342603010557     
   3.90649994214376        2.10349996884664      -0.488550309686827     
   3.90649994214376        2.40399996439616      -0.452937818607456     
   3.90649994214376        2.70449995994568      -0.412797795973118     
   3.90649994214376        3.00499995549520      -0.374139222751514     
   3.90649994214376        3.30549995104472      -0.339948226399904     
   3.90649994214376        3.60599994659424      -0.309915637821950     
   3.90649994214376        3.90649994214376      -0.282331625022320     
   3.90649994214376        4.20699993769328      -0.256269370962159     
   3.90649994214376        4.50749993324280      -0.231975767268589     
   3.90649994214376        4.80799992879232      -0.210133091185196     
   3.90649994214376        5.10849992434184      -0.191072334557311     
   3.90649994214376        5.40899991989136      -0.174415129076206     
   3.90649994214376        5.70949991544088      -0.159369970933105     
   3.90649994214376        6.00999991099040      -0.145365035788997     
   3.90649994214376        6.31049990653992      -0.132472445646738     
   3.90649994214376        6.61099990208944      -0.121041881358254     
   3.90649994214376        6.91149989763896      -0.111703875288144     
   3.90649994214376        7.21199989318848      -0.103894756648239     
   4.20699993769328       0.000000000000000E+000 -0.400302619420163     
   4.20699993769328       0.300499995549520      -0.433988730859846     
   4.20699993769328       0.600999991099040      -0.463145134706189     
   4.20699993769328       0.901499986648560      -0.485253185163248     
   4.20699993769328        1.20199998219808      -0.492799249491456     
   4.20699993769328        1.50249997774760      -0.494347460247197     
   4.20699993769328        1.80299997329712      -0.486274858339254     
   4.20699993769328        2.10349996884664      -0.465186747499943     
   4.20699993769328        2.40399996439616      -0.433850263693360     
   4.20699993769328        2.70449995994568      -0.398088618425936     
   4.20699993769328        3.00499995549520      -0.363179738373734     
   4.20699993769328        3.30549995104472      -0.331662690445922     
   4.20699993769328        3.60599994659424      -0.303336674441564     
   4.20699993769328        3.90649994214376      -0.276917091787903     
   4.20699993769328        4.20699993769328      -0.251734247114937     
   4.20699993769328        4.50749993324280      -0.228154384931751     
   4.20699993769328        4.80799992879232      -0.206931303962186     
   4.20699993769328        5.10849992434184      -0.188400471335119     
   4.20699993769328        5.40899991989136      -0.172167982293566     
   4.20699993769328        5.70949991544088      -0.157458706273058     
   4.20699993769328        6.00999991099040      -0.143754534524986     
   4.20699993769328        6.31049990653992      -0.131131171128572     
   4.20699993769328        6.61099990208944      -0.119975678203562     
   4.20699993769328        6.91149989763896      -0.110621908830208     
   4.20699993769328        7.21199989318848      -0.102587635332100     
   4.50749993324280       0.000000000000000E+000 -0.352361306459690     
   4.50749993324280       0.300499995549520      -0.382324615458766     
   4.50749993324280       0.600999991099040      -0.409102601064946     
   4.50749993324280       0.901499986648560      -0.430219226693123     
   4.50749993324280        1.20199998219808      -0.444391732586243     
   4.50749993324280        1.50249997774760      -0.451472660118477     
   4.50749993324280        1.80299997329712      -0.447397762514415     
   4.50749993324280        2.10349996884664      -0.431206941002019     
   4.50749993324280        2.40399996439616      -0.405877969796197     
   4.50749993324280        2.70449995994568      -0.376338608043579     
   4.50749993324280        3.00499995549520      -0.346794196664662     
   4.50749993324280        3.30549995104472      -0.319167946197324     
   4.50749993324280        3.60599994659424      -0.293350524137344     
   4.50749993324280        3.90649994214376      -0.268575542253779     
   4.50749993324280        4.20699993769328      -0.244629099309850     
   4.50749993324280        4.50749993324280      -0.222117736442345     
   4.50749993324280        4.80799992879232      -0.201866557010261     
   4.50749993324280        5.10849992434184      -0.184177627205303     
   4.50749993324280        5.40899991989136      -0.168620823443835     
   4.50749993324280        5.70949991544088      -0.154445576299177     
   4.50749993324280        6.00999991099040      -0.141189002751004     
   4.50749993324280        6.31049990653992      -0.128942721838990     
   4.50749993324280        6.61099990208944      -0.118060979183842     
   4.50749993324280        6.91149989763896      -0.108693070385770     
   4.50749993324280        7.21199989318848      -0.100460792832591     
   4.80799992879232       0.000000000000000E+000 -0.307523248897932     
   4.80799992879232       0.300499995549520      -0.333522700790881     
   4.80799992879232       0.600999991099040      -0.357425428723978     
   4.80799992879232       0.901499986648560      -0.378690450860614     
   4.80799992879232        1.20199998219808      -0.395334668080926     
   4.80799992879232        1.50249997774760      -0.404362251658577     
   4.80799992879232        1.80299997329712      -0.403313068106311     
   4.80799992879232        2.10349996884664      -0.392113801770390     
   4.80799992879232        2.40399996439616      -0.373299281929860     
   4.80799992879232        2.70449995994568      -0.350561094905699     
   4.80799992879232        3.00499995549520      -0.326879918676934     
   4.80799992879232        3.30549995104472      -0.303553633817872     
   4.80799992879232        3.60599994659424      -0.280582556760103     
   4.80799992879232        3.90649994214376      -0.257736228117010     
   4.80799992879232        4.20699993769328      -0.235320137221308     
   4.80799992879232        4.50749993324280      -0.214206680522932     
   4.80799992879232        4.80799992879232      -0.195247534316264     
   4.80799992879232        5.10849992434184      -0.178669180681926     
   4.80799992879232        5.40899991989136      -0.164003271417213     
   4.80799992879232        5.70949991544088      -0.150546345286610     
   4.80799992879232        6.00999991099040      -0.137906967964819     
   4.80799992879232        6.31049990653992      -0.126186168037964     
   4.80799992879232        6.61099990208944      -0.115694767413546     
   4.80799992879232        6.91149989763896      -0.106515825342466     
   4.80799992879232        7.21199989318848      -9.835008897267053E-002
   5.10849992434184       0.000000000000000E+000 -0.272643263504709     
   5.10849992434184       0.300499995549520      -0.294917606065974     
   5.10849992434184       0.600999991099040      -0.316083574632104     
   5.10849992434184       0.901499986648560      -0.335248658433652     
   5.10849992434184        1.20199998219808      -0.350302731265978     
   5.10849992434184        1.50249997774760      -0.358968334725644     
   5.10849992434184        1.80299997329712      -0.359756206480446     
   5.10849992434184        2.10349996884664      -0.352819826148229     
   5.10849992434184        2.40399996439616      -0.339908671143350     
   5.10849992434184        2.70449995994568      -0.323382804375821     
   5.10849992434184        3.00499995549520      -0.305059356967917     
   5.10849992434184        3.30549995104472      -0.285727128578011     
   5.10849992434184        3.60599994659424      -0.265544220414178     
   5.10849992434184        3.90649994214376      -0.244771918757993     
   5.10849992434184        4.20699993769328      -0.224162168168052     
   5.10849992434184        4.50749993324280      -0.204767290391221     
   5.10849992434184        4.80799992879232      -0.187385919476359     
   5.10849992434184        5.10849992434184      -0.172139186371864     
   5.10849992434184        5.40899991989136      -0.158542879570922     
   5.10849992434184        5.70949991544088      -0.145978148712787     
   5.10849992434184        6.00999991099040      -0.134144247679293     
   5.10849992434184        6.31049990653992      -0.123146774444944     
   5.10849992434184        6.61099990208944      -0.113226668557587     
   5.10849992434184        6.91149989763896      -0.104450586423683     
   5.10849992434184        7.21199989318848      -9.655325490965594E-002
   5.40899991989136       0.000000000000000E+000 -0.248236034967439     
   5.40899991989136       0.300499995549520      -0.266849733928476     
   5.40899991989136       0.600999991099040      -0.284326948938154     
   5.40899991989136       0.901499986648560      -0.299923436904397     
   5.40899991989136        1.20199998219808      -0.312024977862625     
   5.40899991989136        1.50249997774760      -0.319060531866180     
   5.40899991989136        1.80299997329712      -0.320503022993533     
   5.40899991989136        2.10349996884664      -0.316573373426744     
   5.40899991989136        2.40399996439616      -0.308191646379108     
   5.40899991989136        2.70449995994568      -0.296528965607447     
   5.40899991989136        3.00499995549520      -0.282458085951993     
   5.40899991989136        3.30549995104472      -0.266421011728317     
   5.40899991989136        3.60599994659424      -0.248764455960445     
   5.40899991989136        3.90649994214376      -0.230145231345126     
   5.40899991989136        4.20699993769328      -0.211596255521228     
   5.40899991989136        4.50749993324280      -0.194196881511307     
   5.40899991989136        4.80799992879232      -0.178608963625386     
   5.40899991989136        5.10849992434184      -0.164844364929740     
   5.40899991989136        5.40899991989136      -0.152448375790166     
   5.40899991989136        5.70949991544088      -0.140933976549594     
   5.40899991989136        6.00999991099040      -0.130103496238938     
   5.40899991989136        6.31049990653992      -0.120032140215752     
   5.40899991989136        6.61099990208944      -0.110875746949932     
   5.40899991989136        6.91149989763896      -0.102634392563910     
   5.40899991989136        7.21199989318848      -9.506790677639562E-002
   5.70949991544088       0.000000000000000E+000 -0.232364770384404     
   5.70949991544088       0.300499995549520      -0.247464720627679     
   5.70949991544088       0.600999991099040      -0.260677012143717     
   5.70949991544088       0.901499986648560      -0.272215079599723     
   5.70949991544088        1.20199998219808      -0.281116211199728     
   5.70949991544088        1.50249997774760      -0.286157874789898     
   5.70949991544088        1.80299997329712      -0.287130257299722     
   5.70949991544088        2.10349996884664      -0.284736471155001     
   5.70949991544088        2.40399996439616      -0.279233596177541     
   5.70949991544088        2.70449995994568      -0.270854228589041     
   5.70949991544088        3.00499995549520      -0.259796681917711     
   5.70949991544088        3.30549995104472      -0.246300134792337     
   5.70949991544088        3.60599994659424      -0.230892668947005     
   5.70949991544088        3.90649994214376      -0.214497147690062     
   5.70949991544088        4.20699993769328      -0.198222716902065     
   5.70949991544088        4.50749993324280      -0.183002923885336     
   5.70949991544088        4.80799992879232      -0.169302908521837     
   5.70949991544088        5.10849992434184      -0.157060320955673     
   5.70949991544088        5.40899991989136      -0.145918940541253     
   5.70949991544088        5.70949991544088      -0.135578649458349     
   5.70949991544088        6.00999991099040      -0.125896960376667     
   5.70949991544088        6.31049990653992      -0.116875528045607     
   5.70949991544088        6.61099990208944      -0.108617508784807     
   5.70949991544088        6.91149989763896      -0.101055577966130     
   5.70949991544088        7.21199989318848      -9.388067440672661E-002
   6.00999991099040       0.000000000000000E+000 -0.224116969425642     
   6.00999991099040       0.300499995549520      -0.235073529539047     
   6.00999991099040       0.600999991099040      -0.242912730473887     
   6.00999991099040       0.901499986648560      -0.250134700202181     
   6.00999991099040        1.20199998219808      -0.255983546146330     
   6.00999991099040        1.50249997774760      -0.259148493217069     
   6.00999991099040        1.80299997329712      -0.259327504431462     
   6.00999991099040        2.10349996884664      -0.257220124694005     
   6.00999991099040        2.40399996439616      -0.253172609103825     
   6.00999991099040        2.70449995994568      -0.246765129551363     
   6.00999991099040        3.00499995549520      -0.237736243302401     
   6.00999991099040        3.30549995104472      -0.226164395281257     
   6.00999991099040        3.60599994659424      -0.212747770871100     
   6.00999991099040        3.90649994214376      -0.198647760970963     
   6.00999991099040        4.20699993769328      -0.184807976471347     
   6.00999991099040        4.50749993324280      -0.171811720350090     
   6.00999991099040        4.80799992879232      -0.159917046151921     
   6.00999991099040        5.10849992434184      -0.149080878934939     
   6.00999991099040        5.40899991989136      -0.139133954621403     
   6.00999991099040        5.70949991544088      -0.129984629191960     
   6.00999991099040        6.00999991099040      -0.121458340981613     
   6.00999991099040        6.31049990653992      -0.113526486506264     
   6.00999991099040        6.61099990208944      -0.106263400722430     
   6.00999991099040        6.91149989763896      -9.956776553784301E-002
   6.00999991099040        7.21199989318848      -9.292240205749505E-002
   6.31049990653992       0.000000000000000E+000 -0.222642645455709     
   6.31049990653992       0.300499995549520      -0.226974785971977     
   6.31049990653992       0.600999991099040      -0.227744461171585     
   6.31049990653992       0.901499986648560      -0.231292566807037     
   6.31049990653992        1.20199998219808      -0.234755702263387     
   6.31049990653992        1.50249997774760      -0.236147675948275     
   6.31049990653992        1.80299997329712      -0.235433176656383     
   6.31049990653992        2.10349996884664      -0.233195363790276     
   6.31049990653992        2.40399996439616      -0.229796711395575     
   6.31049990653992        2.70449995994568      -0.224677607253536     
   6.31049990653992        3.00499995549520      -0.217038290459629     
   6.31049990653992        3.30549995104472      -0.206629749708176     
   6.31049990653992        3.60599994659424      -0.194814213595086     
   6.31049990653992        3.90649994214376      -0.183264820955093     
   6.31049990653992        4.20699993769328      -0.172182211329769     
   6.31049990653992        4.50749993324280      -0.161306592579443     
   6.31049990653992        4.80799992879232      -0.150896258706554     
   6.31049990653992        5.10849992434184      -0.141163863049487     
   6.31049990653992        5.40899991989136      -0.132244756251249     
   6.31049990653992        5.70949991544088      -0.124187131774634     
   6.31049990653992        6.00999991099040      -0.116787602566377     
   6.31049990653992        6.31049990653992      -0.109913967513187     
   6.31049990653992        6.61099990208944      -0.103591224259079     
   6.31049990653992        6.91149989763896      -9.791324452153383E-002
   6.31049990653992        7.21199989318848      -9.208608802488205E-002
   6.61099990208944       0.000000000000000E+000 -0.223928072736332     
   6.61099990208944       0.300499995549520      -0.216819982529630     
   6.61099990208944       0.600999991099040      -0.211896525023376     
   6.61099990208944       0.901499986648560      -0.214636172951611     
   6.61099990208944        1.20199998219808      -0.216350570118387     
   6.61099990208944        1.50249997774760      -0.215876714487148     
   6.61099990208944        1.80299997329712      -0.214108155611140     
   6.61099990208944        2.10349996884664      -0.211749181801714     
   6.61099990208944        2.40399996439616      -0.208909603420467     
   6.61099990208944        2.70449995994568      -0.204985477400997     
   6.61099990208944        3.00499995549520      -0.198561976569373     
   6.61099990208944        3.30549995104472      -0.189063837624685     
   6.61099990208944        3.60599994659424      -0.178657002748607     
   6.61099990208944        3.90649994214376      -0.170035974675362     
   6.61099990208944        4.20699993769328      -0.161660580858695     
   6.61099990208944        4.50749993324280      -0.152207231911309     
   6.61099990208944        4.80799992879232      -0.142553621520614     
   6.61099990208944        5.10849992434184      -0.133455392107694     
   6.61099990208944        5.40899991989136      -0.125349561013690     
   6.61099990208944        5.70949991544088      -0.118287469822911     
   6.61099990208944        6.00999991099040      -0.112058639415965     
   6.61099990208944        6.31049990653992      -0.106333105497730     
   6.61099990208944        6.61099990208944      -0.100742699226535     
   6.61099990208944        6.91149989763896      -9.577459441594531E-002
   6.61099990208944        7.21199989318848      -9.122711111711451E-002
   6.91149989763896       0.000000000000000E+000 -0.211808487235583     
   6.91149989763896       0.300499995549520      -0.199580296406593     
   6.91149989763896       0.600999991099040      -0.199949735995260     
   6.91149989763896       0.901499986648560      -0.201817282913546     
   6.91149989763896        1.20199998219808      -0.200295052277930     
   6.91149989763896        1.50249997774760      -0.197507170795458     
   6.91149989763896        1.80299997329712      -0.194698890321317     
   6.91149989763896        2.10349996884664      -0.192312027268576     
   6.91149989763896        2.40399996439616      -0.190281958477396     
   6.91149989763896        2.70449995994568      -0.187860990182625     
   6.91149989763896        3.00499995549520      -0.183691417256900     
   6.91149989763896        3.30549995104472      -0.176366577002105     
   6.91149989763896        3.60599994659424      -0.167767250473481     
   6.91149989763896        3.90649994214376      -0.161574249926414     
   6.91149989763896        4.20699993769328      -0.154329231144245     
   6.91149989763896        4.50749993324280      -0.144732088918566     
   6.91149989763896        4.80799992879232      -0.134845578595608     
   6.91149989763896        5.10849992434184      -0.125949722749875     
   6.91149989763896        5.40899991989136      -0.118464566351099     
   6.91149989763896        5.70949991544088      -0.112341145608914     
   6.91149989763896        6.00999991099040      -0.107410399633436     
   6.91149989763896        6.31049990653992      -0.103354315138628     
   6.91149989763896        6.61099990208944      -9.919630633733857E-002
   6.91149989763896        6.91149989763896      -9.390074064321174E-002
   6.91149989763896        7.21199989318848      -9.009440977363367E-002
   7.21199989318848       0.000000000000000E+000 -0.188962463504417     
   7.21199989318848       0.300499995549520      -0.196426137018487     
   7.21199989318848       0.600999991099040      -0.195819698757788     
   7.21199989318848       0.901499986648560      -0.190127516863632     
   7.21199989318848        1.20199998219808      -0.184557206008406     
   7.21199989318848        1.50249997774760      -0.180119922706338     
   7.21199989318848        1.80299997329712      -0.176835009787921     
   7.21199989318848        2.10349996884664      -0.174651335691808     
   7.21199989318848        2.40399996439616      -0.173404415384719     
   7.21199989318848        2.70449995994568      -0.172535021415925     
   7.21199989318848        3.00499995549520      -0.171021533637839     
   7.21199989318848        3.30549995104472      -0.166747759401555     
   7.21199989318848        3.60599994659424      -0.160001949343868     
   7.21199989318848        3.90649994214376      -0.154558510948125     
   7.21199989318848        4.20699993769328      -0.147279326884338     
   7.21199989318848        4.50749993324280      -0.137130053225882     
   7.21199989318848        4.80799992879232      -0.127045145736151     
   7.21199989318848        5.10849992434184      -0.118386302468896     
   7.21199989318848        5.40899991989136      -0.111527926633585     
   7.21199989318848        5.70949991544088      -0.106236286710043     
   7.21199989318848        6.00999991099040      -0.102409632430793     
   7.21199989318848        6.31049990653992      -9.997172063119010E-002
   7.21199989318848        6.61099990208944      -9.824255077194088E-002
   7.21199989318848        6.91149989763896      -9.399543307951830E-002
   7.21199989318848        7.21199989318848      -8.727822779568131E-002
