  0.000000000000000E+000  0.000000000000000E+000 -0.132858349075020     
  0.000000000000000E+000  0.300499995549520      -0.142426694656908     
  0.000000000000000E+000  0.600999991099040      -0.146696482240885     
  0.000000000000000E+000  0.901499986648560      -0.145864895058503     
  0.000000000000000E+000   1.20199998219808      -0.145627424142189     
  0.000000000000000E+000   1.50249997774760      -0.147188407175103     
  0.000000000000000E+000   1.80299997329712      -0.150602323116279     
  0.000000000000000E+000   2.10349996884664      -0.155869324120191     
  0.000000000000000E+000   2.40399996439616      -0.163155913749887     
  0.000000000000000E+000   2.70449995994568      -0.171702887602535     
  0.000000000000000E+000   3.00499995549520      -0.179048002845604     
  0.000000000000000E+000   3.30549995104472      -0.180504946842815     
  0.000000000000000E+000   3.60599994659424      -0.177824852668396     
  0.000000000000000E+000   3.90649994214376      -0.180482052120358     
  0.000000000000000E+000   4.20699993769328      -0.179010874286694     
  0.000000000000000E+000   4.50749993324280      -0.171671272062704     
  0.000000000000000E+000   4.80799992879232      -0.163135347890604     
  0.000000000000000E+000   5.10849992434184      -0.155856418647773     
  0.000000000000000E+000   5.40899991989136      -0.150590839518674     
  0.000000000000000E+000   5.70949991544088      -0.147175040942037     
  0.000000000000000E+000   6.00999991099040      -0.145612340495153     
  0.000000000000000E+000   6.31049990653992      -0.145853155499974     
  0.000000000000000E+000   6.61099990208944      -0.146693018402395     
  0.000000000000000E+000   6.91149989763896      -0.142405576960096     
  0.000000000000000E+000   7.21199989318848      -0.132807853882784     
  0.300499995549520       0.000000000000000E+000 -0.142424914579263     
  0.300499995549520       0.300499995549520      -0.141787473402565     
  0.300499995549520       0.600999991099040      -0.147925349750269     
  0.300499995549520       0.901499986648560      -0.152420829909062     
  0.300499995549520        1.20199998219808      -0.155362851079527     
  0.300499995549520        1.50249997774760      -0.158776412210160     
  0.300499995549520        1.80299997329712      -0.163410254930372     
  0.300499995549520        2.10349996884664      -0.169446173678696     
  0.300499995549520        2.40399996439616      -0.176722129258212     
  0.300499995549520        2.70449995994568      -0.184053946199362     
  0.300499995549520        3.00499995549520      -0.188578945435610     
  0.300499995549520        3.30549995104472      -0.186962530304327     
  0.300499995549520        3.60599994659424      -0.183442220439797     
  0.300499995549520        3.90649994214376      -0.186847705453478     
  0.300499995549520        4.20699993769328      -0.188457580179125     
  0.300499995549520        4.50749993324280      -0.183969697766624     
  0.300499995549520        4.80799992879232      -0.176676194234739     
  0.300499995549520        5.10849992434184      -0.169424976277709     
  0.300499995549520        5.40899991989136      -0.163399325641402     
  0.300499995549520        5.70949991544088      -0.158766723391998     
  0.300499995549520        6.00999991099040      -0.155348970950348     
  0.300499995549520        6.31049990653992      -0.152402398399193     
  0.300499995549520        6.61099990208944      -0.147906296306937     
  0.300499995549520        6.91149989763896      -0.141761124428633     
  0.300499995549520        7.21199989318848      -0.142403388030112     
  0.600999991099040       0.000000000000000E+000 -0.146694097025638     
  0.600999991099040       0.300499995549520      -0.147923955022064     
  0.600999991099040       0.600999991099040      -0.151526949600582     
  0.600999991099040       0.901499986648560      -0.158308084989230     
  0.600999991099040        1.20199998219808      -0.164575270562343     
  0.600999991099040        1.50249997774760      -0.170561596419028     
  0.600999991099040        1.80299997329712      -0.176986309891292     
  0.600999991099040        2.10349996884664      -0.184125065201523     
  0.600999991099040        2.40399996439616      -0.191594543279289     
  0.600999991099040        2.70449995994568      -0.198079118210418     
  0.600999991099040        3.00499995549520      -0.200981392309600     
  0.600999991099040        3.30549995104472      -0.198935216941825     
  0.600999991099040        3.60599994659424      -0.196492224991141     
  0.600999991099040        3.90649994214376      -0.198829514330107     
  0.600999991099040        4.20699993769328      -0.200854319902418     
  0.600999991099040        4.50749993324280      -0.197984797706714     
  0.600999991099040        4.80799992879232      -0.191542976661147     
  0.600999991099040        5.10849992434184      -0.184102544910507     
  0.600999991099040        5.40899991989136      -0.176979364766839     
  0.600999991099040        5.70949991544088      -0.170558624896728     
  0.600999991099040        6.00999991099040      -0.164567141322020     
  0.600999991099040        6.31049990653992      -0.158290486227211     
  0.600999991099040        6.61099990208944      -0.151503603070626     
  0.600999991099040        6.91149989763896      -0.147904715517250     
  0.600999991099040        7.21199989318848      -0.146690634691959     
  0.901499986648560       0.000000000000000E+000 -0.145863706552655     
  0.901499986648560       0.300499995549520      -0.152419821300851     
  0.901499986648560       0.600999991099040      -0.158307577675621     
  0.901499986648560       0.901499986648560      -0.166153628907772     
  0.901499986648560        1.20199998219808      -0.174603800535166     
  0.901499986648560        1.50249997774760      -0.183039656688856     
  0.901499986648560        1.80299997329712      -0.191619003920247     
  0.901499986648560        2.10349996884664      -0.200483644422314     
  0.901499986648560        2.40399996439616      -0.209229572295316     
  0.901499986648560        2.70449995994568      -0.216735667094717     
  0.901499986648560        3.00499995549520      -0.221340233835573     
  0.901499986648560        3.30549995104472      -0.222412032331662     
  0.901499986648560        3.60599994659424      -0.222119473349182     
  0.901499986648560        3.90649994214376      -0.222344367832059     
  0.901499986648560        4.20699993769328      -0.221250359159851     
  0.901499986648560        4.50749993324280      -0.216664742502401     
  0.901499986648560        4.80799992879232      -0.209187545798351     
  0.901499986648560        5.10849992434184      -0.200466123411746     
  0.901499986648560        5.40899991989136      -0.191618937652639     
  0.901499986648560        5.70949991544088      -0.183045662508295     
  0.901499986648560        6.00999991099040      -0.174605571802162     
  0.901499986648560        6.31049990653992      -0.166145173491022     
  0.901499986648560        6.61099990208944      -0.158290189947703     
  0.901499986648560        6.91149989763896      -0.152401728783059     
  0.901499986648560        7.21199989318848      -0.145852472301895     
   1.20199998219808       0.000000000000000E+000 -0.145626924044076     
   1.20199998219808       0.300499995549520      -0.155362085607697     
   1.20199998219808       0.600999991099040      -0.164574414850642     
   1.20199998219808       0.901499986648560      -0.174603202170880     
   1.20199998219808        1.20199998219808      -0.185280524616746     
   1.20199998219808        1.50249997774760      -0.196203232802859     
   1.20199998219808        1.80299997329712      -0.207283508170243     
   1.20199998219808        2.10349996884664      -0.218573453848197     
   1.20199998219808        2.40399996439616      -0.229608721985238     
   1.20199998219808        2.70449995994568      -0.239347153888808     
   1.20199998219808        3.00499995549520      -0.246668173207263     
   1.20199998219808        3.30549995104472      -0.250844191362899     
   1.20199998219808        3.60599994659424      -0.252090866921783     
   1.20199998219808        3.90649994214376      -0.250807763425333     
   1.20199998219808        4.20699993769328      -0.246617192888631     
   1.20199998219808        4.50749993324280      -0.239302698321950     
   1.20199998219808        4.80799992879232      -0.229580943441189     
   1.20199998219808        5.10849992434184      -0.218564259885355     
   1.20199998219808        5.40899991989136      -0.207290093815019     
   1.20199998219808        5.70949991544088      -0.196216979902382     
   1.20199998219808        6.00999991099040      -0.185291595029949     
   1.20199998219808        6.31049990653992      -0.174605322472294     
   1.20199998219808        6.61099990208944      -0.164566934973884     
   1.20199998219808        6.91149989763896      -0.155349133154320     
   1.20199998219808        7.21199989318848      -0.145612966566664     
   1.50249997774760       0.000000000000000E+000 -0.147187922741969     
   1.50249997774760       0.300499995549520      -0.158775366410792     
   1.50249997774760       0.600999991099040      -0.170560190532133     
   1.50249997774760       0.901499986648560      -0.183038383160419     
   1.50249997774760        1.20199998219808      -0.196202559653783     
   1.50249997774760        1.50249997774760      -0.209811237061094     
   1.50249997774760        1.80299997329712      -0.223785859616120     
   1.50249997774760        2.10349996884664      -0.238043600096612     
   1.50249997774760        2.40399996439616      -0.251872851359178     
   1.50249997774760        2.70449995994568      -0.264261261434280     
   1.50249997774760        3.00499995549520      -0.274077036006417     
   1.50249997774760        3.30549995104472      -0.280335407028494     
   1.50249997774760        3.60599994659424      -0.282466384979120     
   1.50249997774760        3.90649994214376      -0.280316394523234     
   1.50249997774760        4.20699993769328      -0.274048670167403     
   1.50249997774760        4.50749993324280      -0.264235593010506     
   1.50249997774760        4.80799992879232      -0.251858116131754     
   1.50249997774760        5.10849992434184      -0.238042257024016     
   1.50249997774760        5.40899991989136      -0.223795655575165     
   1.50249997774760        5.70949991544088      -0.209827113776509     
   1.50249997774760        6.00999991099040      -0.196216694761510     
   1.50249997774760        6.31049990653992      -0.183045169490683     
   1.50249997774760        6.61099990208944      -0.170558414625019     
   1.50249997774760        6.91149989763896      -0.158767268994477     
   1.50249997774760        7.21199989318848      -0.147176489604924     
   1.80299997329712       0.000000000000000E+000 -0.150601451576677     
   1.80299997329712       0.300499995549520      -0.163408622674102     
   1.80299997329712       0.600999991099040      -0.176984299165802     
   1.80299997329712       0.901499986648560      -0.191617258668253     
   1.80299997329712        1.20199998219808      -0.207282561914768     
   1.80299997329712        1.50249997774760      -0.223785720141096     
   1.80299997329712        1.80299997329712      -0.240948531586022     
   1.80299997329712        2.10349996884664      -0.258253175148932     
   1.80299997329712        2.40399996439616      -0.274897295885507     
   1.80299997329712        2.70449995994568      -0.289826120833896     
   1.80299997329712        3.00499995549520      -0.301792122222182     
   1.80299997329712        3.30549995104472      -0.309567282722346     
   1.80299997329712        3.60599994659424      -0.312261430964043     
   1.80299997329712        3.90649994214376      -0.309557066531175     
   1.80299997329712        4.20699993769328      -0.301776945923244     
   1.80299997329712        4.50749993324280      -0.289813244539594     
   1.80299997329712        4.80799992879232      -0.274891914383710     
   1.80299997329712        5.10849992434184      -0.258256329868243     
   1.80299997329712        5.40899991989136      -0.240957452754719     
   1.80299997329712        5.70949991544088      -0.223795858955885     
   1.80299997329712        6.00999991099040      -0.207289910724013     
   1.80299997329712        6.31049990653992      -0.191618431482051     
   1.80299997329712        6.61099990208944      -0.176979138368147     
   1.80299997329712        6.91149989763896      -0.163400071198653     
   1.80299997329712        7.21199989318848      -0.150592953945052     
   2.10349996884664       0.000000000000000E+000 -0.155867836795928     
   2.10349996884664       0.300499995549520      -0.169443815735250     
   2.10349996884664       0.600999991099040      -0.184122560200650     
   2.10349996884664       0.901499986648560      -0.200481904396829     
   2.10349996884664        1.20199998219808      -0.218573001097847     
   2.10349996884664        1.50249997774760      -0.238044266274178     
   2.10349996884664        1.80299997329712      -0.258254119607382     
   2.10349996884664        2.10349996884664      -0.278401088598046     
   2.10349996884664        2.40399996439616      -0.297557941981075     
   2.10349996884664        2.70449995994568      -0.314613607503922     
   2.10349996884664        3.00499995549520      -0.328250170710299     
   2.10349996884664        3.30549995104472      -0.337114307930480     
   2.10349996884664        3.60599994659424      -0.340189817225399     
   2.10349996884664        3.90649994214376      -0.337109339125587     
   2.10349996884664        4.20699993769328      -0.328243238503447     
   2.10349996884664        4.50749993324280      -0.314608619793917     
   2.10349996884664        4.80799992879232      -0.297557300646217     
   2.10349996884664        5.10849992434184      -0.278404186048965     
   2.10349996884664        5.40899991989136      -0.258257558750305     
   2.10349996884664        5.70949991544088      -0.238043580354721     
   2.10349996884664        6.00999991099040      -0.218564930234358     
   2.10349996884664        6.31049990653992      -0.200466085998051     
   2.10349996884664        6.61099990208944      -0.184102445805598     
   2.10349996884664        6.91149989763896      -0.169425871399052     
   2.10349996884664        7.21199989318848      -0.155859170764480     
   2.40399996439616       0.000000000000000E+000 -0.163153654089052     
   2.40399996439616       0.300499995549520      -0.176718792463631     
   2.40399996439616       0.600999991099040      -0.191591434254089     
   2.40399996439616       0.901499986648560      -0.209228067314562     
   2.40399996439616        1.20199998219808      -0.229609410388841     
   2.40399996439616        1.50249997774760      -0.251875297565502     
   2.40399996439616        1.80299997329712      -0.274900302980239     
   2.40399996439616        2.10349996884664      -0.297560047771274     
   2.40399996439616        2.40399996439616      -0.318774182351836     
   2.40399996439616        2.70449995994568      -0.337404660586479     
   2.40399996439616        3.00499995549520      -0.352160286228986     
   2.40399996439616        3.30549995104472      -0.361698072320974     
   2.40399996439616        3.60599994659424      -0.364998413777729     
   2.40399996439616        3.90649994214376      -0.361696300497661     
   2.40399996439616        4.20699993769328      -0.352157990507456     
   2.40399996439616        4.50749993324280      -0.337403501415115     
   2.40399996439616        4.80799992879232      -0.318774367877778     
   2.40399996439616        5.10849992434184      -0.297559595065938     
   2.40399996439616        5.40899991989136      -0.274895405673457     
   2.40399996439616        5.70949991544088      -0.251861473683087     
   2.40399996439616        6.00999991099040      -0.229583098609409     
   2.40399996439616        6.31049990653992      -0.209188200173995     
   2.40399996439616        6.61099990208944      -0.191542906092121     
   2.40399996439616        6.91149989763896      -0.176677018870393     
   2.40399996439616        7.21199989318848      -0.163138715087976     
   2.70449995994568       0.000000000000000E+000 -0.171699601628026     
   2.70449995994568       0.300499995549520      -0.184048891028565     
   2.70449995994568       0.600999991099040      -0.198074353094425     
   2.70449995994568       0.901499986648560      -0.216733878124589     
   2.70449995994568        1.20199998219808      -0.239349174630669     
   2.70449995994568        1.50249997774760      -0.264266071754116     
   2.70449995994568        1.80299997329712      -0.289831899617462     
   2.70449995994568        2.10349996884664      -0.314618495672343     
   2.70449995994568        2.40399996439616      -0.337407345915861     
   2.70449995994568        2.70449995994568      -0.357068248137389     
   2.70449995994568        3.00499995549520      -0.372436470228078     
   2.70449995994568        3.30549995104472      -0.382312643784420     
   2.70449995994568        3.60599994659424      -0.385728068823715     
   2.70449995994568        3.90649994214376      -0.382312405714345     
   2.70449995994568        4.20699993769328      -0.372436295617536     
   2.70449995994568        4.50749993324280      -0.357068212071466     
   2.70449995994568        4.80799992879232      -0.337406304875542     
   2.70449995994568        5.10849992434184      -0.314613835406188     
   2.70449995994568        5.40899991989136      -0.289819685035616     
   2.70449995994568        5.70949991544088      -0.264241544475928     
   2.70449995994568        6.00999991099040      -0.239306503639214     
   2.70449995994568        6.31049990653992      -0.216665565512022     
   2.70449995994568        6.61099990208944      -0.197983694355611     
   2.70449995994568        6.91149989763896      -0.183969711657808     
   2.70449995994568        7.21199989318848      -0.171675051768023     
   3.00499995549520       0.000000000000000E+000 -0.179042832171783     
   3.00499995549520       0.300499995549520      -0.188570589559965     
   3.00499995549520       0.600999991099040      -0.200973047552245     
   3.00499995549520       0.901499986648560      -0.221336714647940     
   3.00499995549520        1.20199998219808      -0.246670982112372     
   3.00499995549520        1.50249997774760      -0.274084103823900     
   3.00499995549520        1.80299997329712      -0.301800662567597     
   3.00499995549520        2.10349996884664      -0.328257792446553     
   3.00499995549520        2.40399996439616      -0.352165502883502     
   3.00499995549520        2.70449995994568      -0.372438863131269     
   3.00499995549520        3.00499995549520      -0.388108436636120     
   3.00499995549520        3.30549995104472      -0.398186887562595     
   3.00499995549520        3.60599994659424      -0.401698888055737     
   3.00499995549520        3.90649994214376      -0.398187135551640     
   3.00499995549520        4.20699993769328      -0.388108824926124     
   3.00499995549520        4.50749993324280      -0.372438747209268     
   3.00499995549520        4.80799992879232      -0.352163363654169     
   3.00499995549520        5.10849992434184      -0.328251241469487     
   3.00499995549520        5.40899991989136      -0.301786275474857     
   3.00499995549520        5.70949991544088      -0.274057098768896     
   3.00499995549520        6.00999991099040      -0.246622085621932     
   3.00499995549520        6.31049990653992      -0.221249902042211     
   3.00499995549520        6.61099990208944      -0.200850243425827     
   3.00499995549520        6.91149989763896      -0.188455088872505     
   3.00499995549520        7.21199989318848      -0.179014072370548     
   3.30549995104472       0.000000000000000E+000 -0.180496630793563     
   3.30549995104472       0.300499995549520      -0.186948872041966     
   3.30549995104472       0.600999991099040      -0.198921579360167     
   3.30549995104472       0.901499986648560      -0.222405805090336     
   3.30549995104472        1.20199998219808      -0.250846888511453     
   3.30549995104472        1.50249997774760      -0.280343992907986     
   3.30549995104472        1.80299997329712      -0.309577822852579     
   3.30549995104472        2.10349996884664      -0.337123899189439     
   3.30549995104472        2.40399996439616      -0.361705054343006     
   3.30549995104472        2.70449995994568      -0.382316625337632     
   3.30549995104472        3.00499995549520      -0.398188401551493     
   3.30549995104472        3.30549995104472      -0.408510600553103     
   3.30549995104472        3.60599994659424      -0.412173118947645     
   3.30549995104472        3.90649994214376      -0.408510888040102     
   3.30549995104472        4.20699993769328      -0.398188713121623     
   3.30549995104472        4.50749993324280      -0.382316432370855     
   3.30549995104472        4.80799992879232      -0.361703464827545     
   3.30549995104472        5.10849992434184      -0.337119401338013     
   3.30549995104472        5.40899991989136      -0.309568498091659     
   3.30549995104472        5.70949991544088      -0.280326507844582     
   3.30549995104472        6.00999991099040      -0.250812782416914     
   3.30549995104472        6.31049990653992      -0.222341607366822     
   3.30549995104472        6.61099990208944      -0.198820747437242     
   3.30549995104472        6.91149989763896      -0.186840547891374     
   3.30549995104472        7.21199989318848      -0.180483207064286     
   3.60599994659424       0.000000000000000E+000 -0.177814524931458     
   3.60599994659424       0.300499995549520      -0.183424909471604     
   3.60599994659424       0.600999991099040      -0.196475543929574     
   3.60599994659424       0.901499986648560      -0.222111780476577     
   3.60599994659424        1.20199998219808      -0.252093309410847     
   3.60599994659424        1.50249997774760      -0.282475468971382     
   3.60599994659424        1.80299997329712      -0.312272684504416     
   3.60599994659424        2.10349996884664      -0.340200114903708     
   3.60599994659424        2.40399996439616      -0.365006020271328     
   3.60599994659424        2.70449995994568      -0.385732598111390     
   3.60599994659424        3.00499995549520      -0.401700909692235     
   3.60599994659424        3.30549995104472      -0.412173617001212     
   3.60599994659424        3.60599994659424      -0.415935915009676     
   3.60599994659424        3.90649994214376      -0.412173564171582     
   3.60599994659424        4.20699993769328      -0.401700906037135     
   3.60599994659424        4.50749993324280      -0.385732604471288     
   3.60599994659424        4.80799992879232      -0.365006216696680     
   3.60599994659424        5.10849992434184      -0.340200620285355     
   3.60599994659424        5.40899991989136      -0.312273650486033     
   3.60599994659424        5.70949991544088      -0.282477083343601     
   3.60599994659424        6.00999991099040      -0.252095769770992     
   3.60599994659424        6.31049990653992      -0.222115410943331     
   3.60599994659424        6.61099990208944      -0.196480613037595     
   3.60599994659424        6.91149989763896      -0.183431651838999     
   3.60599994659424        7.21199989318848      -0.177824315187246     
   3.90649994214376       0.000000000000000E+000 -0.180474047883387     
   3.90649994214376       0.300499995549520      -0.186834003658558     
   3.90649994214376       0.600999991099040      -0.198815770665237     
   3.90649994214376       0.901499986648560      -0.222338051757488     
   3.90649994214376        1.20199998219808      -0.250810389931120     
   3.90649994214376        1.50249997774760      -0.280324929310963     
   3.90649994214376        1.80299997329712      -0.309567569093592     
   3.90649994214376        2.10349996884664      -0.337118905806455     
   3.90649994214376        2.40399996439616      -0.361703269571325     
   3.90649994214376        2.70449995994568      -0.382316383406757     
   3.90649994214376        3.00499995549520      -0.398188651864054     
   3.90649994214376        3.30549995104472      -0.408510893847967     
   3.90649994214376        3.60599994659424      -0.412173072997151     
   3.90649994214376        3.90649994214376      -0.408510681834099     
   3.90649994214376        4.20699993769328      -0.398188430055155     
   3.90649994214376        4.50749993324280      -0.382316703393459     
   3.90649994214376        4.80799992879232      -0.361705333533924     
   3.90649994214376        5.10849992434184      -0.337124436640993     
   3.90649994214376        5.40899991989136      -0.309578772385036     
   3.90649994214376        5.70949991544088      -0.280345563252724     
   3.90649994214376        6.00999991099040      -0.250849212756210     
   3.90649994214376        6.31049990653992      -0.222409200358475     
   3.90649994214376        6.61099990208944      -0.198926260490366     
   3.90649994214376        6.91149989763896      -0.186955208004311     
   3.90649994214376        7.21199989318848      -0.180505830320728     
   4.20699993769328       0.000000000000000E+000 -0.179006240382356     
   4.20699993769328       0.300499995549520      -0.188449365215818     
   4.20699993769328       0.600999991099040      -0.200845919886713     
   4.20699993769328       0.901499986648560      -0.221246730497932     
   4.20699993769328        1.20199998219808      -0.246619896259009     
   4.20699993769328        1.50249997774760      -0.274055649597508     
   4.20699993769328        1.80299997329712      -0.301785418593924     
   4.20699993769328        2.10349996884664      -0.328250816166282     
   4.20699993769328        2.40399996439616      -0.352163185785470     
   4.20699993769328        2.70449995994568      -0.372438685925970     
   4.20699993769328        3.00499995549520      -0.388108835815030     
   4.20699993769328        3.30549995104472      -0.398187217860908     
   4.20699993769328        3.60599994659424      -0.401698905342034     
   4.20699993769328        3.90649994214376      -0.398186931644684     
   4.20699993769328        4.20699993769328      -0.388108476047505     
   4.20699993769328        4.50749993324280      -0.372438982534124     
   4.20699993769328        4.80799992879232      -0.352165748030505     
   4.20699993769328        5.10849992434184      -0.328258336651970     
   4.20699993769328        5.40899991989136      -0.301801571120878     
   4.20699993769328        5.70949991544088      -0.274085552780379     
   4.20699993769328        6.00999991099040      -0.246673101462218     
   4.20699993769328        6.31049990653992      -0.221339748684608     
   4.20699993769328        6.61099990208944      -0.200977302954378     
   4.20699993769328        6.91149989763896      -0.188576574804580     
   4.20699993769328        7.21199989318848      -0.179051428358856     
   4.50749993324280       0.000000000000000E+000 -0.171668467561759     
   4.50749993324280       0.300499995549520      -0.183964850283596     
   4.50749993324280       0.600999991099040      -0.197980036358582     
   4.50749993324280       0.901499986648560      -0.216662862289725     
   4.50749993324280        1.20199998219808      -0.239304605340178     
   4.50749993324280        1.50249997774760      -0.264240295586776     
   4.50749993324280        1.80299997329712      -0.289818938269386     
   4.50749993324280        2.10349996884664      -0.314613454159566     
   4.50749993324280        2.40399996439616      -0.337406165683416     
   4.50749993324280        2.70449995994568      -0.357068220002591     
   4.50749993324280        3.00499995549520      -0.372436384185323     
   4.50749993324280        3.30549995104472      -0.382312493641014     
   4.50749993324280        3.60599994659424      -0.385728120933058     
   4.50749993324280        3.90649994214376      -0.382312764632287     
   4.50749993324280        4.20699993769328      -0.372436616962898     
   4.50749993324280        4.50749993324280      -0.357068492311641     
   4.50749993324280        4.80799992879232      -0.337407723624604     
   4.50749993324280        5.10849992434184      -0.314619028217964     
   4.50749993324280        5.40899991989136      -0.289832769682265     
   4.50749993324280        5.70949991544088      -0.264267354960484     
   4.50749993324280        6.00999991099040      -0.239351051293232     
   4.50749993324280        6.31049990653992      -0.216736570158301     
   4.50749993324280        6.61099990208944      -0.198078144781895     
   4.50749993324280        6.91149989763896      -0.184054248891241     
   4.50749993324280        7.21199989318848      -0.171707011420255     
   4.80799992879232       0.000000000000000E+000 -0.163133398310343     
   4.80799992879232       0.300499995549520      -0.176673006285045     
   4.80799992879232       0.600999991099040      -0.191539873602609     
   4.80799992879232       0.901499986648560      -0.209185963446409     
   4.80799992879232        1.20199998219808      -0.229581520961706     
   4.80799992879232        1.50249997774760      -0.251860452159509     
   4.80799992879232        1.80299997329712      -0.274894834718006     
   4.80799992879232        2.10349996884664      -0.297559356276934     
   4.80799992879232        2.40399996439616      -0.318774359006494     
   4.80799992879232        2.70449995994568      -0.337403649408418     
   4.80799992879232        3.00499995549520      -0.352158207207845     
   4.80799992879232        3.30549995104472      -0.361696560522924     
   4.80799992879232        3.60599994659424      -0.364998689969265     
   4.80799992879232        3.90649994214376      -0.361698431054377     
   4.80799992879232        4.20699993769328      -0.352160594915712     
   4.80799992879232        4.50749993324280      -0.337405073319898     
   4.80799992879232        4.80799992879232      -0.318774631366588     
   4.80799992879232        5.10849992434184      -0.297560637489156     
   4.80799992879232        5.40899991989136      -0.274901114241656     
   4.80799992879232        5.70949991544088      -0.251876410378582     
   4.80799992879232        6.00999991099040      -0.229611004053500     
   4.80799992879232        6.31049990653992      -0.209230304236158     
   4.80799992879232        6.61099990208944      -0.191594573906845     
   4.80799992879232        6.91149989763896      -0.176723154715172     
   4.80799992879232        7.21199989318848      -0.163159510559022     
   5.10849992434184       0.000000000000000E+000 -0.155855084031129     
   5.10849992434184       0.300499995549520      -0.169422683763569     
   5.10849992434184       0.600999991099040      -0.184100020414375     
   5.10849992434184       0.901499986648560      -0.200464308026596     
   5.10849992434184        1.20199998219808      -0.218563707122555     
   5.10849992434184        1.50249997774760      -0.238042826065517     
   5.10849992434184        1.80299997329712      -0.258257202139941     
   5.10849992434184        2.10349996884664      -0.278404154186990     
   5.10849992434184        2.40399996439616      -0.297557505222593     
   5.10849992434184        2.70449995994568      -0.314609009878172     
   5.10849992434184        3.00499995549520      -0.328243719402949     
   5.10849992434184        3.30549995104472      -0.337109929698839     
   5.10849992434184        3.60599994659424      -0.340190440649393     
   5.10849992434184        3.90649994214376      -0.337114965472965     
   5.10849992434184        4.20699993769328      -0.328250817390225     
   5.10849992434184        4.50749993324280      -0.314614211295528     
   5.10849992434184        4.80799992879232      -0.297558566291561     
   5.10849992434184        5.10849992434184      -0.278401769079667     
   5.10849992434184        5.40899991989136      -0.258254923634560     
   5.10849992434184        5.70949991544088      -0.238045242520015     
   5.10849992434184        6.00999991099040      -0.218574287257103     
   5.10849992434184        6.31049990653992      -0.200483648655947     
   5.10849992434184        6.61099990208944      -0.184124945228577     
   5.10849992434184        6.91149989763896      -0.169447059774547     
   5.10849992434184        7.21199989318848      -0.155872066046324     
   5.40899991989136       0.000000000000000E+000 -0.150590056889082     
   5.40899991989136       0.300499995549520      -0.163397723771534     
   5.40899991989136       0.600999991099040      -0.176977325741942     
   5.40899991989136       0.901499986648560      -0.191617124030799     
   5.40899991989136        1.20199998219808      -0.207289066101450     
   5.40899991989136        1.50249997774760      -0.223795444701195     
   5.40899991989136        1.80299997329712      -0.240957408823928     
   5.40899991989136        2.10349996884664      -0.258256612920615     
   5.40899991989136        2.40399996439616      -0.274892449152447     
   5.40899991989136        2.70449995994568      -0.289814009158578     
   5.40899991989136        3.00499995549520      -0.301777879698416     
   5.40899991989136        3.30549995104472      -0.309558122571528     
   5.40899991989136        3.60599994659424      -0.312262553200660     
   5.40899991989136        3.90649994214376      -0.309568391002094     
   5.40899991989136        4.20699993769328      -0.301793168191136     
   5.40899991989136        4.50749993324280      -0.289827092608111     
   5.40899991989136        4.80799992879232      -0.274898169617069     
   5.40899991989136        5.10849992434184      -0.258254006811174     
   5.40899991989136        5.40899991989136      -0.240949338184515     
   5.40899991989136        5.70949991544088      -0.223786546131080     
   5.40899991989136        6.00999991099040      -0.207283534409309     
   5.40899991989136        6.31049990653992      -0.191618509529485     
   5.40899991989136        6.61099990208944      -0.176985962780568     
   5.40899991989136        6.91149989763896      -0.163410811577635     
   5.40899991989136        7.21199989318848      -0.150604221313150     
   5.70949991544088       0.000000000000000E+000 -0.147174632269205     
   5.70949991544088       0.300499995549520      -0.158765709303889     
   5.70949991544088       0.600999991099040      -0.170557206234420     
   5.70949991544088       0.901499986648560      -0.183044345700072     
   5.70949991544088        1.20199998219808      -0.196216255255518     
   5.70949991544088        1.50249997774760      -0.209827076570996     
   5.70949991544088        1.80299997329712      -0.223795990586593     
   5.70949991544088        2.10349996884664      -0.238042948700803     
   5.70949991544088        2.40399996439616      -0.251859115534289     
   5.70949991544088        2.70449995994568      -0.264236879215959     
   5.70949991544088        3.00499995549520      -0.274050223616967     
   5.70949991544088        3.30549995104472      -0.280318136005119     
   5.70949991544088        3.60599994659424      -0.282468195828484     
   5.70949991544088        3.90649994214376      -0.280337172295164     
   5.70949991544088        4.20699993769328      -0.274078648876479     
   5.70949991544088        4.50749993324280      -0.264262664720890     
   5.70949991544088        4.80799992879232      -0.251874042489088     
   5.70949991544088        5.10849992434184      -0.238044622540121     
   5.70949991544088        5.40899991989136      -0.223786709041847     
   5.70949991544088        5.70949991544088      -0.209811996180680     
   5.70949991544088        6.00999991099040      -0.196203302096324     
   5.70949991544088        6.31049990653992      -0.183039219600125     
   5.70949991544088        6.61099990208944      -0.170561226362753     
   5.70949991544088        6.91149989763896      -0.158776656413923     
   5.70949991544088        7.21199989318848      -0.147189480247569     
   6.00999991099040       0.000000000000000E+000 -0.145611918509733     
   6.00999991099040       0.300499995549520      -0.155348254147274     
   6.00999991099040       0.600999991099040      -0.164566304521415     
   6.00999991099040       0.901499986648560      -0.174604969581049     
   6.00999991099040        1.20199998219808      -0.185291583544670     
   6.00999991099040        1.50249997774760      -0.196217368148233     
   6.00999991099040        1.80299997329712      -0.207290884980884     
   6.00999991099040        2.10349996884664      -0.218565448145395     
   6.00999991099040        2.40399996439616      -0.229582527159207     
   6.00999991099040        2.70449995994568      -0.239304664344333     
   6.00999991099040        3.00499995549520      -0.246619524487266     
   6.00999991099040        3.30549995104472      -0.250810370514141     
   6.00999991099040        3.60599994659424      -0.252093582286913     
   6.00999991099040        3.90649994214376      -0.250846756436046     
   6.00999991099040        4.20699993769328      -0.246670473860185     
   6.00999991099040        4.50749993324280      -0.239349149594345     
   6.00999991099040        4.80799992879232      -0.229610391581694     
   6.00999991099040        5.10849992434184      -0.218574794356566     
   6.00999991099040        5.40899991989136      -0.207284528608187     
   6.00999991099040        5.70949991544088      -0.196204003554628     
   6.00999991099040        6.00999991099040      -0.185281134168893     
   6.00999991099040        6.31049990653992      -0.174603745374101     
   6.00999991099040        6.61099990208944      -0.164574951661044     
   6.00999991099040        6.91149989763896      -0.155362631149611     
   6.00999991099040        7.21199989318848      -0.145627526887385     
   6.31049990653992       0.000000000000000E+000 -0.145852032028362     
   6.31049990653992       0.300499995549520      -0.152401454660462     
   6.31049990653992       0.600999991099040      -0.158290040608204     
   6.31049990653992       0.901499986648560      -0.166145219870678     
   6.31049990653992        1.20199998219808      -0.174605953552397     
   6.31049990653992        1.50249997774760      -0.183046476932862     
   6.31049990653992        1.80299997329712      -0.191620227859051     
   6.31049990653992        2.10349996884664      -0.200467903006176     
   6.31049990653992        2.40399996439616      -0.209189825009170     
   6.31049990653992        2.70449995994568      -0.216667552309944     
   6.31049990653992        3.00499995549520      -0.221253724498895     
   6.31049990653992        3.30549995104472      -0.222348191565163     
   6.31049990653992        3.60599994659424      -0.222123396708399     
   6.31049990653992        3.90649994214376      -0.222415674563387     
   6.31049990653992        4.20699993769328      -0.221343429181813     
   6.31049990653992        4.50749993324280      -0.216738442147743     
   6.31049990653992        4.80799992879232      -0.209231854070674     
   6.31049990653992        5.10849992434184      -0.200485436792184     
   6.31049990653992        5.40899991989136      -0.191620313876208     
   6.31049990653992        5.70949991544088      -0.183040542207478     
   6.31049990653992        6.00999991099040      -0.174604373946088     
   6.31049990653992        6.31049990653992      -0.166153994416792     
   6.31049990653992        6.61099990208944      -0.158307795207479     
   6.31049990653992        6.91149989763896      -0.152419830097183     
   6.31049990653992        7.21199989318848      -0.145863631681893     
   6.61099990208944       0.000000000000000E+000 -0.146690671615962     
   6.61099990208944       0.300499995549520      -0.147904994310205     
   6.61099990208944       0.600999991099040      -0.151503730497658     
   6.61099990208944       0.901499986648560      -0.158290804777953     
   6.61099990208944        1.20199998219808      -0.164567864453708     
   6.61099990208944        1.50249997774760      -0.170559875400638     
   6.61099990208944        1.80299997329712      -0.176981200992108     
   6.61099990208944        2.10349996884664      -0.184105006233345     
   6.61099990208944        2.40399996439616      -0.191546086100446     
   6.61099990208944        2.70449995994568      -0.197988599304913     
   6.61099990208944        3.00499995549520      -0.200858852931727     
   6.61099990208944        3.30549995104472      -0.198834748614207     
   6.61099990208944        3.60599994659424      -0.196497556919976     
   6.61099990208944        3.90649994214376      -0.198940065287852     
   6.61099990208944        4.20699993769328      -0.200985678321188     
   6.61099990208944        4.50749993324280      -0.198082875286828     
   6.61099990208944        4.80799992879232      -0.191597653357398     
   6.61099990208944        5.10849992434184      -0.184127468736960     
   6.61099990208944        5.40899991989136      -0.176988017484498     
   6.61099990208944        5.70949991544088      -0.170562683164523     
   6.61099990208944        6.00999991099040      -0.164575858276601     
   6.61099990208944        6.31049990653992      -0.158308335829825     
   6.61099990208944        6.61099990208944      -0.151527016414852     
   6.61099990208944        6.91149989763896      -0.147923692173480     
   6.61099990208944        7.21199989318848      -0.146693617816615     
   6.91149989763896       0.000000000000000E+000 -0.142403939446497     
   6.91149989763896       0.300499995549520      -0.141761334279237     
   6.91149989763896       0.600999991099040      -0.147906355255758     
   6.91149989763896       0.901499986648560      -0.152402912451325     
   6.91149989763896        1.20199998219808      -0.155349999967420     
   6.91149989763896        1.50249997774760      -0.158768370913639     
   6.91149989763896        1.80299997329712      -0.163401730153335     
   6.91149989763896        2.10349996884664      -0.169428222042168     
   6.91149989763896        2.40399996439616      -0.176680301794922     
   6.91149989763896        2.70449995994568      -0.183974692781478     
   6.91149989763896        3.00499995549520      -0.188463449399420     
   6.91149989763896        3.30549995104472      -0.186854363105938     
   6.91149989763896        3.60599994659424      -0.183449020512846     
   6.91149989763896        3.90649994214376      -0.186968801678598     
   6.91149989763896        4.20699993769328      -0.188584713235783     
   6.91149989763896        4.50749993324280      -0.184059070964477     
   6.91149989763896        4.80799992879232      -0.176726343195778     
   6.91149989763896        5.10849992434184      -0.169449374234045     
   6.91149989763896        5.40899991989136      -0.163412446094768     
   6.91149989763896        5.70949991544088      -0.158777726968359     
   6.91149989763896        6.00999991099040      -0.155363438178458     
   6.91149989763896        6.31049990653992      -0.152420875148484     
   6.91149989763896        6.61099990208944      -0.147925086545775     
   6.91149989763896        6.91149989763896      -0.141787000692878     
   6.91149989763896        7.21199989318848      -0.142424480013501     
   7.21199989318848       0.000000000000000E+000 -0.132808116047144     
   7.21199989318848       0.300499995549520      -0.142405513499827     
   7.21199989318848       0.600999991099040      -0.146693371494351     
   7.21199989318848       0.901499986648560      -0.145853872125184     
   7.21199989318848        1.20199998219808      -0.145613569957698     
   7.21199989318848        1.50249997774760      -0.147177011925550     
   7.21199989318848        1.80299997329712      -0.150593808765840     
   7.21199989318848        2.10349996884664      -0.155860563581183     
   7.21199989318848        2.40399996439616      -0.163140744081446     
   7.21199989318848        2.70449995994568      -0.171677931036466     
   7.21199989318848        3.00499995549520      -0.179018747051767     
   7.21199989318848        3.30549995104472      -0.180491140660194     
   7.21199989318848        3.60599994659424      -0.177834431351445     
   7.21199989318848        3.90649994214376      -0.180513765842195     
   7.21199989318848        4.20699993769328      -0.179056098872947     
   7.21199989318848        4.50749993324280      -0.171709866806132     
   7.21199989318848        4.80799992879232      -0.163161504616532     
   7.21199989318848        5.10849992434184      -0.155873439906292     
   7.21199989318848        5.40899991989136      -0.150605039784569     
   7.21199989318848        5.70949991544088      -0.147189940120606     
   7.21199989318848        6.00999991099040      -0.145628023746336     
   7.21199989318848        6.31049990653992      -0.145864818197295     
   7.21199989318848        6.61099990208944      -0.146695965391322     
   7.21199989318848        6.91149989763896      -0.142426215917503     
   7.21199989318848        7.21199989318848      -0.132857505399298     
