  0.000000000000000E+000  0.000000000000000E+000 -0.349806384921661     
  0.000000000000000E+000  0.300499995549520      -0.372636471679477     
  0.000000000000000E+000  0.600999991099040      -0.379441647321181     
  0.000000000000000E+000  0.901499986648560      -0.369447691129298     
  0.000000000000000E+000   1.20199998219808      -0.359314489406349     
  0.000000000000000E+000   1.50249997774760      -0.350520731670958     
  0.000000000000000E+000   1.80299997329712      -0.341935689846824     
  0.000000000000000E+000   2.10349996884664      -0.333415074100849     
  0.000000000000000E+000   2.40399996439616      -0.325746070650104     
  0.000000000000000E+000   2.70449995994568      -0.317705746999165     
  0.000000000000000E+000   3.00499995549520      -0.307573732557122     
  0.000000000000000E+000   3.30549995104472      -0.295152773770639     
  0.000000000000000E+000   3.60599994659424      -0.275237350382047     
  0.000000000000000E+000   3.90649994214376      -0.261031328939926     
  0.000000000000000E+000   4.20699993769328      -0.240350255339091     
  0.000000000000000E+000   4.50749993324280      -0.211651875356691     
  0.000000000000000E+000   4.80799992879232      -0.184468516977221     
  0.000000000000000E+000   5.10849992434184      -0.162578888085126     
  0.000000000000000E+000   5.40899991989136      -0.146965662220652     
  0.000000000000000E+000   5.70949991544088      -0.136749521778896     
  0.000000000000000E+000   6.00999991099040      -0.131499630693825     
  0.000000000000000E+000   6.31049990653992      -0.130682901566778     
  0.000000000000000E+000   6.61099990208944      -0.131671505120047     
  0.000000000000000E+000   6.91149989763896      -0.123997821872040     
  0.000000000000000E+000   7.21199989318848      -0.109953678633431     
  0.300499995549520       0.000000000000000E+000 -0.372628886186466     
  0.300499995549520       0.300499995549520      -0.349000656761213     
  0.300499995549520       0.600999991099040      -0.371658438630338     
  0.300499995549520       0.901499986648560      -0.390259466490381     
  0.300499995549520        1.20199998219808      -0.394022755898345     
  0.300499995549520        1.50249997774760      -0.390122577829439     
  0.300499995549520        1.80299997329712      -0.382242198510561     
  0.300499995549520        2.10349996884664      -0.371831111638199     
  0.300499995549520        2.40399996439616      -0.361259494151192     
  0.300499995549520        2.70449995994568      -0.349068767592057     
  0.300499995549520        3.00499995549520      -0.330062554610583     
  0.300499995549520        3.30549995104472      -0.306005900298567     
  0.300499995549520        3.60599994659424      -0.284537010638910     
  0.300499995549520        3.90649994214376      -0.268308911458694     
  0.300499995549520        4.20699993769328      -0.246436938866692     
  0.300499995549520        4.50749993324280      -0.218707046876334     
  0.300499995549520        4.80799992879232      -0.192011006530770     
  0.300499995549520        5.10849992434184      -0.170046682294649     
  0.300499995549520        5.40899991989136      -0.153584629849885     
  0.300499995549520        5.70949991544088      -0.141984235584358     
  0.300499995549520        6.00999991099040      -0.134588093195760     
  0.300499995549520        6.31049990653992      -0.130254275068762     
  0.300499995549520        6.61099990208944      -0.125749726599544     
  0.300499995549520        6.91149989763896      -0.117250385208893     
  0.300499995549520        7.21199989318848      -0.112105372076116     
  0.600999991099040       0.000000000000000E+000 -0.379431048479252     
  0.600999991099040       0.300499995549520      -0.371653145266418     
  0.600999991099040       0.600999991099040      -0.384451756438028     
  0.600999991099040       0.901499986648560      -0.410223206777177     
  0.600999991099040        1.20199998219808      -0.424329727058712     
  0.600999991099040        1.50249997774760      -0.426356491509672     
  0.600999991099040        1.80299997329712      -0.420082922159348     
  0.600999991099040        2.10349996884664      -0.408283213978681     
  0.600999991099040        2.40399996439616      -0.394150393261322     
  0.600999991099040        2.70449995994568      -0.378906629213055     
  0.600999991099040        3.00499995549520      -0.354167631047795     
  0.600999991099040        3.30549995104472      -0.322140267291835     
  0.600999991099040        3.60599994659424      -0.291829173371831     
  0.600999991099040        3.90649994214376      -0.268064793496975     
  0.600999991099040        4.20699993769328      -0.244766562075914     
  0.600999991099040        4.50749993324280      -0.219620566587091     
  0.600999991099040        4.80799992879232      -0.195674857499360     
  0.600999991099040        5.10849992434184      -0.175216813989056     
  0.600999991099040        5.40899991989136      -0.158683771410073     
  0.600999991099040        5.70949991544088      -0.145980437718565     
  0.600999991099040        6.00999991099040      -0.136427285577972     
  0.600999991099040        6.31049990653992      -0.128843432906269     
  0.600999991099040        6.61099990208944      -0.121782186808758     
  0.600999991099040        6.91149989763896      -0.115915015761102     
  0.600999991099040        7.21199989318848      -0.110437525375507     
  0.901499986648560       0.000000000000000E+000 -0.369440751007161     
  0.901499986648560       0.300499995549520      -0.390255318392987     
  0.901499986648560       0.600999991099040      -0.410221992421416     
  0.901499986648560       0.901499986648560      -0.434242729751614     
  0.901499986648560        1.20199998219808      -0.451101273808873     
  0.901499986648560        1.50249997774760      -0.456554320558404     
  0.901499986648560        1.80299997329712      -0.451589188838261     
  0.901499986648560        2.10349996884664      -0.438384385399817     
  0.901499986648560        2.40399996439616      -0.422783641231855     
  0.901499986648560        2.70449995994568      -0.403525217176938     
  0.901499986648560        3.00499995549520      -0.376475345270694     
  0.901499986648560        3.30549995104472      -0.341393444482882     
  0.901499986648560        3.60599994659424      -0.305242487672408     
  0.901499986648560        3.90649994214376      -0.273425963684618     
  0.901499986648560        4.20699993769328      -0.245656236249579     
  0.901499986648560        4.50749993324280      -0.220528759291877     
  0.901499986648560        4.80799992879232      -0.198270100123104     
  0.901499986648560        5.10849992434184      -0.178951778319578     
  0.901499986648560        5.40899991989136      -0.162536290799826     
  0.901499986648560        5.70949991544088      -0.149191909416936     
  0.901499986648560        6.00999991099040      -0.138381711352299     
  0.901499986648560        6.31049990653992      -0.129422526825079     
  0.901499986648560        6.61099990208944      -0.121878105743514     
  0.901499986648560        6.91149989763896      -0.115516025291306     
  0.901499986648560        7.21199989318848      -0.108157407980408     
   1.20199998219808       0.000000000000000E+000 -0.359308315771097     
   1.20199998219808       0.300499995549520      -0.394019288157569     
   1.20199998219808       0.600999991099040      -0.424328594703897     
   1.20199998219808       0.901499986648560      -0.451101225015387     
   1.20199998219808        1.20199998219808      -0.469709836571666     
   1.20199998219808        1.50249997774760      -0.476997619646506     
   1.20199998219808        1.80299997329712      -0.472510255561977     
   1.20199998219808        2.10349996884664      -0.460395669829650     
   1.20199998219808        2.40399996439616      -0.444622000044275     
   1.20199998219808        2.70449995994568      -0.421630576946607     
   1.20199998219808        3.00499995549520      -0.390936133840916     
   1.20199998219808        3.30549995104472      -0.354496224136251     
   1.20199998219808        3.60599994659424      -0.316033483794125     
   1.20199998219808        3.90649994214376      -0.280179787802708     
   1.20199998219808        4.20699993769328      -0.249151753258224     
   1.20199998219808        4.50749993324280      -0.222944729285169     
   1.20199998219808        4.80799992879232      -0.200727732858780     
   1.20199998219808        5.10849992434184      -0.181709592213784     
   1.20199998219808        5.40899991989136      -0.165384380338241     
   1.20199998219808        5.70949991544088      -0.151660135932917     
   1.20199998219808        6.00999991099040      -0.140143577466525     
   1.20199998219808        6.31049990653992      -0.130360139296229     
   1.20199998219808        6.61099990208944      -0.121923826409779     
   1.20199998219808        6.91149989763896      -0.114179343389803     
   1.20199998219808        7.21199989318848      -0.105839444221536     
   1.50249997774760       0.000000000000000E+000 -0.350513866707869     
   1.50249997774760       0.300499995549520      -0.390118878103633     
   1.50249997774760       0.600999991099040      -0.426355290748514     
   1.50249997774760       0.901499986648560      -0.456554182836194     
   1.50249997774760        1.20199998219808      -0.476997401491708     
   1.50249997774760        1.50249997774760      -0.484959606364054     
   1.50249997774760        1.80299997329712      -0.481654201013066     
   1.50249997774760        2.10349996884664      -0.472929765712245     
   1.50249997774760        2.40399996439616      -0.456726403407462     
   1.50249997774760        2.70449995994568      -0.431457485057412     
   1.50249997774760        3.00499995549520      -0.398199764651994     
   1.50249997774760        3.30549995104472      -0.360029944306931     
   1.50249997774760        3.60599994659424      -0.320889486312174     
   1.50249997774760        3.90649994214376      -0.284315097098780     
   1.50249997774760        4.20699993769328      -0.252350074987978     
   1.50249997774760        4.50749993324280      -0.225367587754101     
   1.50249997774760        4.80799992879232      -0.202752901686449     
   1.50249997774760        5.10849992434184      -0.183632031663201     
   1.50249997774760        5.40899991989136      -0.167291028158583     
   1.50249997774760        5.70949991544088      -0.153290737449424     
   1.50249997774760        6.00999991099040      -0.141259675449220     
   1.50249997774760        6.31049990653992      -0.130735150571043     
   1.50249997774760        6.61099990208944      -0.121321357748485     
   1.50249997774760        6.91149989763896      -0.112520345073492     
   1.50249997774760        7.21199989318848      -0.103755160541426     
   1.80299997329712       0.000000000000000E+000 -0.341929525469885     
   1.80299997329712       0.300499995549520      -0.382238939475793     
   1.80299997329712       0.600999991099040      -0.420081575087457     
   1.80299997329712       0.901499986648560      -0.451588087169936     
   1.80299997329712        1.20199998219808      -0.472508248827400     
   1.80299997329712        1.50249997774760      -0.481651879809568     
   1.80299997329712        1.80299997329712      -0.482645936486192     
   1.80299997329712        2.10349996884664      -0.474837899079986     
   1.80299997329712        2.40399996439616      -0.457233725216063     
   1.80299997329712        2.70449995994568      -0.430355066442276     
   1.80299997329712        3.00499995549520      -0.396404630603389     
   1.80299997329712        3.30549995104472      -0.358658792074796     
   1.80299997329712        3.60599994659424      -0.320570339729406     
   1.80299997329712        3.90649994214376      -0.284940188273281     
   1.80299997329712        4.20699993769328      -0.253413519757050     
   1.80299997329712        4.50749993324280      -0.226464936599961     
   1.80299997329712        4.80799992879232      -0.203761012970390     
   1.80299997329712        5.10849992434184      -0.184604379898830     
   1.80299997329712        5.40899991989136      -0.168261572855608     
   1.80299997329712        5.70949991544088      -0.154120100110568     
   1.80299997329712        6.00999991099040      -0.141696949125526     
   1.80299997329712        6.31049990653992      -0.130581056593060     
   1.80299997329712        6.61099990208944      -0.120441956269365     
   1.80299997329712        6.91149989763896      -0.111014006056176     
   1.80299997329712        7.21199989318848      -0.102078657781613     
   2.10349996884664       0.000000000000000E+000 -0.333412704045131     
   2.10349996884664       0.300499995549520      -0.371830239731918     
   2.10349996884664       0.600999991099040      -0.408282158831078     
   2.10349996884664       0.901499986648560      -0.438381261946840     
   2.10349996884664        1.20199998219808      -0.460389621257418     
   2.10349996884664        1.50249997774760      -0.472922030698210     
   2.10349996884664        1.80299997329712      -0.474831848803039     
   2.10349996884664        2.10349996884664      -0.465661082173675     
   2.10349996884664        2.40399996439616      -0.446172821728225     
   2.10349996884664        2.70449995994568      -0.418414621954789     
   2.10349996884664        3.00499995549520      -0.385252469584164     
   2.10349996884664        3.30549995104472      -0.349700961905727     
   2.10349996884664        3.60599994659424      -0.314387345717203     
   2.10349996884664        3.90649994214376      -0.281251346708637     
   2.10349996884664        4.20699993769328      -0.251457637911985     
   2.10349996884664        4.50749993324280      -0.225485755969854     
   2.10349996884664        4.80799992879232      -0.203285718829232     
   2.10349996884664        5.10849992434184      -0.184431937007540     
   2.10349996884664        5.40899991989136      -0.168291273284235     
   2.10349996884664        5.70949991544088      -0.154200052100684     
   2.10349996884664        6.00999991099040      -0.141607344105124     
   2.10349996884664        6.31049990653992      -0.130139447116257     
   2.10349996884664        6.61099990208944      -0.119585311762341     
   2.10349996884664        6.91149989763896      -0.109861451888787     
   2.10349996884664        7.21199989318848      -0.100890271577069     
   2.40399996439616       0.000000000000000E+000 -0.325751396141448     
   2.40399996439616       0.300499995549520      -0.361263724827580     
   2.40399996439616       0.600999991099040      -0.394150792716911     
   2.40399996439616       0.901499986648560      -0.422778025108804     
   2.40399996439616        1.20199998219808      -0.444610115617437     
   2.40399996439616        1.50249997774760      -0.456710606696952     
   2.40399996439616        1.80299997329712      -0.457218500279896     
   2.40399996439616        2.10349996884664      -0.446163314244188     
   2.40399996439616        2.40399996439616      -0.425414405746829     
   2.40399996439616        2.70449995994568      -0.397952984604098     
   2.40399996439616        3.00499995549520      -0.366898064093980     
   2.40399996439616        3.30549995104472      -0.334780429217654     
   2.40399996439616        3.60599994659424      -0.303337745443006     
   2.40399996439616        3.90649994214376      -0.273673259132135     
   2.40399996439616        4.20699993769328      -0.246487868542763     
   2.40399996439616        4.50749993324280      -0.222238504665556     
   2.40399996439616        4.80799992879232      -0.201121362686566     
   2.40399996439616        5.10849992434184      -0.182977164679428     
   2.40399996439616        5.40899991989136      -0.167314047378380     
   2.40399996439616        5.70949991544088      -0.153491855272301     
   2.40399996439616        6.00999991099040      -0.140964156955766     
   2.40399996439616        6.31049990653992      -0.129423491464532     
   2.40399996439616        6.61099990208944      -0.118771305177360     
   2.40399996439616        6.91149989763896      -0.108995725225726     
   2.40399996439616        7.21199989318848      -0.100108098865466     
   2.70449995994568       0.000000000000000E+000 -0.317721595517217     
   2.70449995994568       0.300499995549520      -0.349081118970115     
   2.70449995994568       0.600999991099040      -0.378911019196092     
   2.70449995994568       0.901499986648560      -0.403518181430211     
   2.70449995994568        1.20199998219808      -0.421612545913826     
   2.70449995994568        1.50249997774760      -0.431432802535983     
   2.70449995994568        1.80299997329712      -0.430329779749642     
   2.70449995994568        2.10349996884664      -0.418394770215027     
   2.70449995994568        2.40399996439616      -0.397942664951728     
   2.70449995994568        2.70449995994568      -0.372277590995639     
   2.70449995994568        3.00499995549520      -0.344426118472788     
   2.70449995994568        3.30549995104472      -0.316398723377347     
   2.70449995994568        3.60599994659424      -0.289197772908639     
   2.70449995994568        3.90649994214376      -0.263287704711220     
   2.70449995994568        4.20699993769328      -0.239044889404057     
   2.70449995994568        4.50749993324280      -0.216924269014146     
   2.70449995994568        4.80799992879232      -0.197298374046602     
   2.70449995994568        5.10849992434184      -0.180201158061308     
   2.70449995994568        5.40899991989136      -0.165263718843963     
   2.70449995994568        5.70949991544088      -0.151908723290406     
   2.70449995994568        6.00999991099040      -0.139657664680236     
   2.70449995994568        6.31049990653992      -0.128309906250099     
   2.70449995994568        6.61099990208944      -0.117838951641383     
   2.70449995994568        6.91149989763896      -0.108300151536001     
   2.70449995994568        7.21199989318848      -9.968798591278957E-002
   3.00499995549520       0.000000000000000E+000 -0.307598971905639     
   3.00499995549520       0.300499995549520      -0.330083600322772     
   3.00499995549520       0.600999991099040      -0.354177621718954     
   3.00499995549520       0.901499986648560      -0.376468818111775     
   3.00499995549520        1.20199998219808      -0.390913299312645     
   3.00499995549520        1.50249997774760      -0.398167679818776     
   3.00499995549520        1.80299997329712      -0.396371255393584     
   3.00499995549520        2.10349996884664      -0.385224597774293     
   3.00499995549520        2.40399996439616      -0.366879895929841     
   3.00499995549520        2.70449995994568      -0.344418298134010     
   3.00499995549520        3.00499995549520      -0.320513048217432     
   3.00499995549520        3.30549995104472      -0.296725055477197     
   3.00499995549520        3.60599994659424      -0.273580401489387     
   3.00499995549520        3.90649994214376      -0.251185749542845     
   3.00499995549520        4.20699993769328      -0.229793878172585     
   3.00499995549520        4.50749993324280      -0.209902458526950     
   3.00499995549520        4.80799992879232      -0.191976232793647     
   3.00499995549520        5.10849992434184      -0.176138543898641     
   3.00499995549520        5.40899991989136      -0.162095620807966     
   3.00499995549520        5.70949991544088      -0.149351817684987     
   3.00499995549520        6.00999991099040      -0.137556107355934     
   3.00499995549520        6.31049990653992      -0.126644977667089     
   3.00499995549520        6.61099990208944      -0.116598712085739     
   3.00499995549520        6.91149989763896      -0.107551442602243     
   3.00499995549520        7.21199989318848      -9.941983132631273E-002
   3.30549995104472       0.000000000000000E+000 -0.295175175927218     
   3.30549995104472       0.300499995549520      -0.306028101231754     
   3.30549995104472       0.600999991099040      -0.322151173222761     
   3.30549995104472       0.901499986648560      -0.341385289864006     
   3.30549995104472        1.20199998219808      -0.354469922927753     
   3.30549995104472        1.50249997774760      -0.359993476566129     
   3.30549995104472        1.80299997329712      -0.358621420998606     
   3.30549995104472        2.10349996884664      -0.349669609984833     
   3.30549995104472        2.40399996439616      -0.334758967357641     
   3.30549995104472        2.70449995994568      -0.316387429487332     
   3.30549995104472        3.00499995549520      -0.296721309609792     
   3.30549995104472        3.30549995104472      -0.276965080261014     
   3.30549995104472        3.60599994659424      -0.257414551550847     
   3.30549995104472        3.90649994214376      -0.238076443166775     
   3.30549995104472        4.20699993769328      -0.219257008898157     
   3.30549995104472        4.50749993324280      -0.201525708348381     
   3.30549995104472        4.80799992879232      -0.185358794554313     
   3.30549995104472        5.10849992434184      -0.170873051652394     
   3.30549995104472        5.40899991989136      -0.157802048189086     
   3.30549995104472        5.70949991544088      -0.145740336829903     
   3.30549995104472        6.00999991099040      -0.134496475319748     
   3.30549995104472        6.31049990653992      -0.124078735046779     
   3.30549995104472        6.61099990208944      -0.114518956361229     
   3.30549995104472        6.91149989763896      -0.106120199491965     
   3.30549995104472        7.21199989318848      -9.859545621698521E-002
   3.60599994659424       0.000000000000000E+000 -0.275245213952328     
   3.60599994659424       0.300499995549520      -0.284546859906813     
   3.60599994659424       0.600999991099040      -0.291829043491479     
   3.60599994659424       0.901499986648560      -0.305226716822314     
   3.60599994659424        1.20199998219808      -0.316003368567172     
   3.60599994659424        1.50249997774760      -0.320852004721858     
   3.60599994659424        1.80299997329712      -0.320533621414849     
   3.60599994659424        2.10349996884664      -0.314357421472307     
   3.60599994659424        2.40399996439616      -0.303317637558360     
   3.60599994659424        2.70449995994568      -0.289187176070993     
   3.60599994659424        3.00499995549520      -0.273576565878460     
   3.60599994659424        3.30549995104472      -0.257413968723482     
   3.60599994659424        3.60599994659424      -0.240948531586019     
   3.60599994659424        3.90649994214376      -0.224263567177389     
   3.60599994659424        4.20699993769328      -0.207784326298589     
   3.60599994659424        4.50749993324280      -0.192118261302828     
   3.60599994659424        4.80799992879232      -0.177687671623245     
   3.60599994659424        5.10849992434184      -0.164549950757040     
   3.60599994659424        5.40899991989136      -0.152447897054050     
   3.60599994659424        5.70949991544088      -0.141072136399229     
   3.60599994659424        6.00999991099040      -0.130366803067380     
   3.60599994659424        6.31049990653992      -0.120390930895952     
   3.60599994659424        6.61099990208944      -0.111258514558649     
   3.60599994659424        6.91149989763896      -0.103563271692110     
   3.60599994659424        7.21199989318848      -9.745500283224881E-002
   3.90649994214376       0.000000000000000E+000 -0.261028667273999     
   3.90649994214376       0.300499995549520      -0.268298287284604     
   3.90649994214376       0.600999991099040      -0.268046996369015     
   3.90649994214376       0.901499986648560      -0.273400035133251     
   3.90649994214376        1.20199998219808      -0.280146949421883     
   3.90649994214376        1.50249997774760      -0.284279824401734     
   3.90649994214376        1.80299997329712      -0.284907863856332     
   3.90649994214376        2.10349996884664      -0.281226397524685     
   3.90649994214376        2.40399996439616      -0.273657539989165     
   3.90649994214376        2.70449995994568      -0.263280254331724     
   3.90649994214376        3.00499995549520      -0.251183747835735     
   3.90649994214376        3.30549995104472      -0.238076759975363     
   3.90649994214376        3.60599994659424      -0.224264068643769     
   3.90649994214376        3.90649994214376      -0.209985665849387     
   3.90649994214376        4.20699993769328      -0.195724078330923     
   3.90649994214376        4.50749993324280      -0.182037952585861     
   3.90649994214376        4.80799992879232      -0.169260380473828     
   3.90649994214376        5.10849992434184      -0.157390957612837     
   3.90649994214376        5.40899991989136      -0.146202285862453     
   3.90649994214376        5.70949991544088      -0.135491651375333     
   3.90649994214376        6.00999991099040      -0.125304255029615     
   3.90649994214376        6.31049990653992      -0.115790406815771     
   3.90649994214376        6.61099990208944      -0.107138574051325     
   3.90649994214376        6.91149989763896      -9.984562370132753E-002
   3.90649994214376        7.21199989318848      -9.374287017750571E-002
   4.20699993769328       0.000000000000000E+000 -0.240335635508147     
   4.20699993769328       0.300499995549520      -0.246415061326219     
   4.20699993769328       0.600999991099040      -0.244739555398879     
   4.20699993769328       0.901499986648560      -0.245626020453572     
   4.20699993769328        1.20199998219808      -0.249120464509718     
   4.20699993769328        1.50249997774760      -0.252319741056042     
   4.20699993769328        1.80299997329712      -0.253387609925767     
   4.20699993769328        2.10349996884664      -0.251439034365911     
   4.20699993769328        2.40399996439616      -0.246477314503428     
   4.20699993769328        2.70449995994568      -0.239040911656189     
   4.20699993769328        3.00499995549520      -0.229793757591715     
   4.20699993769328        3.30549995104472      -0.219258120310578     
   4.20699993769328        3.60599994659424      -0.207785118361748     
   4.20699993769328        3.90649994214376      -0.195724255000730     
   4.20699993769328        4.20699993769328      -0.183539722438862     
   4.20699993769328        4.50749993324280      -0.171685138133413     
   4.20699993769328        4.80799992879232      -0.160403024758620     
   4.20699993769328        5.10849992434184      -0.149670367010095     
   4.20699993769328        5.40899991989136      -0.139326173095235     
   4.20699993769328        5.70949991544088      -0.129285173546498     
   4.20699993769328        6.00999991099040      -0.119674073388213     
   4.20699993769328        6.31049990653992      -0.110727954366733     
   4.20699993769328        6.61099990208944      -0.102672163821134     
   4.20699993769328        6.91149989763896      -9.582441543780831E-002
   4.20699993769328        7.21199989318848      -8.995513765876804E-002
   4.50749993324280       0.000000000000000E+000 -0.211636846678849     
   4.50749993324280       0.300499995549520      -0.218687019726916     
   4.50749993324280       0.600999991099040      -0.219596232447747     
   4.50749993324280       0.901499986648560      -0.220502777758679     
   4.50749993324280        1.20199998219808      -0.222918820347287     
   4.50749993324280        1.50249997774760      -0.225343673778226     
   4.50749993324280        1.80299997329712      -0.226445701494310     
   4.50749993324280        2.10349996884664      -0.225472982494594     
   4.50749993324280        2.40399996439616      -0.222232163480915     
   4.50749993324280        2.70449995994568      -0.216922684116806     
   4.50749993324280        3.00499995549520      -0.209903237248233     
   4.50749993324280        3.30549995104472      -0.201526829066189     
   4.50749993324280        3.60599994659424      -0.192118736789342     
   4.50749993324280        3.90649994214376      -0.182037804606722     
   4.50749993324280        4.20699993769328      -0.171684866703037     
   4.50749993324280        4.50749993324280      -0.161411552306742     
   4.50749993324280        4.80799992879232      -0.151402972828223     
   4.50749993324280        5.10849992434184      -0.141659489053737     
   4.50749993324280        5.40899991989136      -0.132113732160705     
   4.50749993324280        5.70949991544088      -0.122790308324320     
   4.50749993324280        6.00999991099040      -0.113873949199822     
   4.50749993324280        6.31049990653992      -0.105609540783342     
   4.50749993324280        6.61099990208944      -9.816189103537423E-002
   4.50749993324280        6.91149989763896      -9.165337940210659E-002
   4.50749993324280        7.21199989318848      -8.583906088237853E-002
   4.80799992879232       0.000000000000000E+000 -0.184458557881581     
   4.80799992879232       0.300499995549520      -0.191998161083066     
   4.80799992879232       0.600999991099040      -0.195658495474592     
   4.80799992879232       0.901499986648560      -0.198251387959081     
   4.80799992879232        1.20199998219808      -0.200708490461474     
   4.80799992879232        1.50249997774760      -0.202735471587678     
   4.80799992879232        1.80299997329712      -0.203747574495164     
   4.80799992879232        2.10349996884664      -0.203277374574161     
   4.80799992879232        2.40399996439616      -0.201117728881643     
   4.80799992879232        2.70449995994568      -0.197297906975752     
   4.80799992879232        3.00499995549520      -0.191977040966970     
   4.80799992879232        3.30549995104472      -0.185359455869834     
   4.80799992879232        3.60599994659424      -0.177687638410381     
   4.80799992879232        3.90649994214376      -0.169259844766847     
   4.80799992879232        4.20699993769328      -0.160402453293958     
   4.80799992879232        4.50749993324280      -0.151402679209247     
   4.80799992879232        4.80799992879232      -0.142437689370309     
   4.80799992879232        5.10849992434184      -0.133568224529925     
   4.80799992879232        5.40899991989136      -0.124822421251748     
   4.80799992879232        5.70949991544088      -0.116297857681315     
   4.80799992879232        6.00999991099040      -0.108186201097482     
   4.80799992879232        6.31049990653992      -0.100688302854507     
   4.80799992879232        6.61099990208944      -9.389140924991445E-002
   4.80799992879232        6.91149989763896      -8.773336664935731E-002
   4.80799992879232        7.21199989318848      -8.205198833410852E-002
   5.10849992434184       0.000000000000000E+000 -0.162574944997940     
   5.10849992434184       0.300499995549520      -0.170040888573941     
   5.10849992434184       0.600999991099040      -0.175207859721085     
   5.10849992434184       0.901499986648560      -0.178940023769797     
   5.10849992434184        1.20199998219808      -0.181696790498853     
   5.10849992434184        1.50249997774760      -0.183620345988119     
   5.10849992434184        1.80299997329712      -0.184595564079596     
   5.10849992434184        2.10349996884664      -0.184426744942575     
   5.10849992434184        2.40399996439616      -0.182975206247437     
   5.10849992434184        2.70449995994568      -0.180201247143031     
   5.10849992434184        3.00499995549520      -0.176139323504657     
   5.10849992434184        3.30549995104472      -0.170873559763726     
   5.10849992434184        3.60599994659424      -0.164549865115182     
   5.10849992434184        3.90649994214376      -0.157390465185441     
   5.10849992434184        4.20699993769328      -0.149669823115730     
   5.10849992434184        4.50749993324280      -0.141659126848179     
   5.10849992434184        4.80799992879232      -0.133568076650277     
   5.10849992434184        5.10849992434184      -0.125528072402015     
   5.10849992434184        5.40899991989136      -0.117633939818360     
   5.10849992434184        5.70949991544088      -0.109998904249075     
   5.10849992434184        6.00999991099040      -0.102762324899816     
   5.10849992434184        6.31049990653992      -9.603673110957499E-002
   5.10849992434184        6.61099990208944      -8.984611656972054E-002
   5.10849992434184        6.91149989763896      -8.413355157474917E-002
   5.10849992434184        7.21199989318848      -7.873276604968601E-002
   5.40899991989136       0.000000000000000E+000 -0.146966188162220     
   5.40899991989136       0.300499995549520      -0.153583910953308     
   5.40899991989136       0.600999991099040      -0.158680488387719     
   5.40899991989136       0.901499986648560      -0.162530512953638     
   5.40899991989136        1.20199998219808      -0.165377225565262     
   5.40899991989136        1.50249997774760      -0.167284140678441     
   5.40899991989136        1.80299997329712      -0.168256432389653     
   5.40899991989136        2.10349996884664      -0.168288547586342     
   5.40899991989136        2.40399996439616      -0.167313552038477     
   5.40899991989136        2.70449995994568      -0.165264683109648     
   5.40899991989136        3.00499995549520      -0.162097092367438     
   5.40899991989136        3.30549995104472      -0.157803265063827     
   5.40899991989136        3.60599994659424      -0.152448506118908     
   5.40899991989136        3.90649994214376      -0.146202341719745     
   5.40899991989136        4.20699993769328      -0.139325938303841     
   5.40899991989136        4.50749993324280      -0.132113445523954     
   5.40899991989136        4.80799992879232      -0.124822205119911     
   5.40899991989136        5.10849992434184      -0.117633835459908     
   5.40899991989136        5.40899991989136      -0.110661549323126     
   5.40899991989136        5.70949991544088      -0.103979206511142     
   5.40899991989136        6.00999991099040      -9.763422353663585E-002
   5.40899991989136        6.31049990653992      -9.166264979578279E-002
   5.40899991989136        6.61099990208944      -8.608525778598534E-002
   5.40899991989136        6.91149989763896      -8.082977823142740E-002
   5.40899991989136        7.21199989318848      -7.578462588483299E-002
   5.70949991544088       0.000000000000000E+000 -0.136751890978593     
   5.70949991544088       0.300499995549520      -0.141985931732452     
   5.70949991544088       0.600999991099040      -0.145980444084947     
   5.70949991544088       0.901499986648560      -0.149190084965703     
   5.70949991544088        1.20199998219808      -0.151657131466498     
   5.70949991544088        1.50249997774760      -0.153287628319809     
   5.70949991544088        1.80299997329712      -0.154117934705925     
   5.70949991544088        2.10349996884664      -0.154199554991677     
   5.70949991544088        2.40399996439616      -0.153493132727431     
   5.70949991544088        2.70449995994568      -0.151911354484460     
   5.70949991544088        3.00499995549520      -0.149355016536394     
   5.70949991544088        3.30549995104472      -0.145743173624232     
   5.70949991544088        3.60599994659424      -0.141073923205538     
   5.70949991544088        3.90649994214376      -0.135492298092046     
   5.70949991544088        4.20699993769328      -0.129285074978720     
   5.70949991544088        4.50749993324280      -0.122789923335121     
   5.70949991544088        4.80799992879232      -0.116297492114037     
   5.70949991544088        5.10849992434184      -0.109998716762236     
   5.70949991544088        5.40899991989136      -0.103979211735413     
   5.70949991544088        5.70949991544088      -9.824108518864168E-002
   5.70949991544088        6.00999991099040      -9.275321671008305E-002
   5.70949991544088        6.31049990653992      -8.753588392952906E-002
   5.70949991544088        6.61099990208944      -8.257144765262830E-002
   5.70949991544088        6.91149989763896      -7.779305613391545E-002
   5.70949991544088        7.21199989318848      -7.312659908750258E-002
   6.00999991099040       0.000000000000000E+000 -0.131500526141772     
   6.00999991099040       0.300499995549520      -0.134589119338556     
   6.00999991099040       0.600999991099040      -0.136427995631218     
   6.00999991099040       0.901499986648560      -0.138381693236030     
   6.00999991099040        1.20199998219808      -0.140142910783029     
   6.00999991099040        1.50249997774760      -0.141258985819527     
   6.00999991099040        1.80299997329712      -0.141697030682417     
   6.00999991099040        2.10349996884664      -0.141608861113893     
   6.00999991099040        2.40399996439616      -0.140967523394420     
   6.00999991099040        2.70449995994568      -0.139662774325821     
   6.00999991099040        3.00499995549520      -0.137562142934220     
   6.00999991099040        3.30549995104472      -0.134501762570709     
   6.00999991099040        3.60599994659424      -0.130369673340924     
   6.00999991099040        3.90649994214376      -0.125304641221442     
   6.00999991099040        4.20699993769328      -0.119673261036851     
   6.00999991099040        4.50749993324280      -0.113872998528555     
   6.00999991099040        4.80799992879232      -0.108185576818727     
   6.00999991099040        5.10849992434184      -0.102762192788319     
   6.00999991099040        5.40899991989136      -9.763454545448766E-002
   6.00999991099040        5.70949991544088      -9.275362611592895E-002
   6.00999991099040        6.00999991099040      -8.807950225671682E-002
   6.00999991099040        6.31049990653992      -8.358320721337839E-002
   6.00999991099040        6.61099990208944      -7.921598050296434E-002
   6.00999991099040        6.91149989763896      -7.491581749390865E-002
   6.00999991099040        7.21199989318848      -7.064112330668461E-002
   6.31049990653992       0.000000000000000E+000 -0.130678741486723     
   6.31049990653992       0.300499995549520      -0.130251513038061     
   6.31049990653992       0.600999991099040      -0.128842826191609     
   6.31049990653992       0.901499986648560      -0.129422709913993     
   6.31049990653992        1.20199998219808      -0.130360260219304     
   6.31049990653992        1.50249997774760      -0.130735477196196     
   6.31049990653992        1.80299997329712      -0.130582348365013     
   6.31049990653992        2.10349996884664      -0.130142453847325     
   6.31049990653992        2.40399996439616      -0.129428907062679     
   6.31049990653992        2.70449995994568      -0.128318220759124     
   6.31049990653992        3.00499995549520      -0.126655211273925     
   6.31049990653992        3.30549995104472      -0.124087362706358     
   6.31049990653992        3.60599994659424      -0.120394541521037     
   6.31049990653992        3.90649994214376      -0.115789247737997     
   6.31049990653992        4.20699993769328      -0.110725152285474     
   6.31049990653992        4.50749993324280      -0.105607550411641     
   6.31049990653992        4.80799992879232      -0.100687579253795     
   6.31049990653992        5.10849992434184      -9.603707998821781E-002
   6.31049990653992        5.40899991989136      -9.166376902589703E-002
   6.31049990653992        5.70949991544088      -8.753717813602964E-002
   6.31049990653992        6.00999991099040      -8.358406978118103E-002
   6.31049990653992        6.31049990653992      -7.973892272069061E-002
   6.31049990653992        6.61099990208944      -7.592753832959190E-002
   6.31049990653992        6.91149989763896      -7.208410982722820E-002
   6.31049990653992        7.21199989318848      -6.820118771656652E-002
   6.61099990208944       0.000000000000000E+000 -0.131660942861527     
   6.61099990208944       0.300499995549520      -0.125742905975942     
   6.61099990208944       0.600999991099040      -0.121781013340135     
   6.61099990208944       0.901499986648560      -0.121878439111599     
   6.61099990208944        1.20199998219808      -0.121923929661410     
   6.61099990208944        1.50249997774760      -0.121321627811260     
   6.61099990208944        1.80299997329712      -0.120443377776468     
   6.61099990208944        2.10349996884664      -0.119588892056332     
   6.61099990208944        2.40399996439616      -0.118778137804140     
   6.61099990208944        2.70449995994568      -0.117850294501555     
   6.61099990208944        3.00499995549520      -0.116613175753547     
   6.61099990208944        3.30549995104472      -0.114531378703281     
   6.61099990208944        3.60599994659424      -0.111262548381040     
   6.61099990208944        3.90649994214376      -0.107135352145154     
   6.61099990208944        4.20699993769328      -0.102667779533923     
   6.61099990208944        4.50749993324280      -9.815950835635401E-002
   6.61099990208944        4.80799992879232      -9.389135829007123E-002
   6.61099990208944        5.10849992434184      -8.984769823870352E-002
   6.61099990208944        5.40899991989136      -8.608773511841694E-002
   6.61099990208944        5.70949991544088      -8.257403480698775E-002
   6.61099990208944        6.00999991099040      -7.921792039095688E-002
   6.61099990208944        6.31049990653992      -7.592830978986267E-002
   6.61099990208944        6.61099990208944      -7.261543495478666E-002
   6.61099990208944        6.91149989763896      -6.923399865113729E-002
   6.61099990208944        7.21199989318848      -6.578257885953588E-002
   6.91149989763896       0.000000000000000E+000 -0.123990443757225     
   6.91149989763896       0.300499995549520      -0.117248052548679     
   6.91149989763896       0.600999991099040      -0.115918064144108     
   6.91149989763896       0.901499986648560      -0.115517836343645     
   6.91149989763896        1.20199998219808      -0.114179409671514     
   6.91149989763896        1.50249997774760      -0.112520070913258     
   6.91149989763896        1.80299997329712      -0.111014785188064     
   6.91149989763896        2.10349996884664      -0.109864497553458     
   6.91149989763896        2.40399996439616      -0.109002426180361     
   6.91149989763896        2.70449995994568      -0.108311688769147     
   6.91149989763896        3.00499995549520      -0.107566859617163     
   6.91149989763896        3.30549995104472      -0.106134165633026     
   6.91149989763896        3.60599994659424      -0.103567109738413     
   6.91149989763896        3.90649994214376      -9.984244976039253E-002
   6.91149989763896        4.20699993769328      -9.582172065536702E-002
   6.91149989763896        4.50749993324280      -9.165324809859890E-002
   6.91149989763896        4.80799992879232      -8.773548732075463E-002
   6.91149989763896        5.10849992434184      -8.413719504996223E-002
   6.91149989763896        5.40899991989136      -8.083408255502710E-002
   6.91149989763896        5.70949991544088      -7.779712598150795E-002
   6.91149989763896        6.00999991099040      -7.491876242414608E-002
   6.91149989763896        6.31049990653992      -7.208513742829276E-002
   6.91149989763896        6.61099990208944      -6.923319278603465E-002
   6.91149989763896        6.91149989763896      -6.652137851217735E-002
   6.91149989763896        7.21199989318848      -6.380901884539961E-002
   7.21199989318848       0.000000000000000E+000 -0.109954890965400     
   7.21199989318848       0.300499995549520      -0.112111191356858     
   7.21199989318848       0.600999991099040      -0.110444745552662     
   7.21199989318848       0.901499986648560      -0.108160516980213     
   7.21199989318848        1.20199998219808      -0.105839614500559     
   7.21199989318848        1.50249997774760      -0.103754418558063     
   7.21199989318848        1.80299997329712      -0.102078557104369     
   7.21199989318848        2.10349996884664      -0.100891937672737     
   7.21199989318848        2.40399996439616      -0.100112493300868     
   7.21199989318848        2.70449995994568      -9.969535923311834E-002
   7.21199989318848        3.00499995549520      -9.942885947348820E-002
   7.21199989318848        3.30549995104472      -9.860244989885282E-002
   7.21199989318848        3.60599994659424      -9.745836522521345E-002
   7.21199989318848        3.90649994214376      -9.374651683960109E-002
   7.21199989318848        4.20699993769328      -8.995905835388537E-002
   7.21199989318848        4.50749993324280      -8.584388779016318E-002
   7.21199989318848        4.80799992879232      -8.205763419971143E-002
   7.21199989318848        5.10849992434184      -7.873899970127043E-002
   7.21199989318848        5.40899991989136      -7.579089060809709E-002
   7.21199989318848        5.70949991544088      -7.313207928526531E-002
   7.21199989318848        6.00999991099040      -7.064497401581006E-002
   7.21199989318848        6.31049990653992      -6.820271728032186E-002
   7.21199989318848        6.61099990208944      -6.578182477435222E-002
   7.21199989318848        6.91149989763896      -6.380827992460393E-002
   7.21199989318848        7.21199989318848      -6.141319447560864E-002
